BHV,25.0883,16.1353,16.826
BHV,25.0883,16.1353,16.826
VA,-14.9966,36.4103,12.4396
PRGTX,20.3601,10.5476,10.8794
FELIX,2.5521,0.221366,10.659
FELAX,2.22377,0.0636649,10.6224
FELTX,-8.50357,-10.2642,10.504
OGIIX,11.8651,4.42134,10.4561
FELBX,-9.25557,-10.8137,10.4212
OGIYX,11.6559,4.31321,10.4113
FELCX,-9.48511,-11.0425,10.3802
OPGIX,11.4058,4.2192,10.3743
OGINX,11.1339,4.09157,10.3016
FAS,-11.8081,-12.725,10.2745
OGGIX,10.587,3.8499,10.1899
OGICX,10.6058,3.84573,10.1785
PRSCX,8.41238,4.01804,9.94098
PASTX,8.19114,3.89828,9.88255
BLK,-6.42999,-4.50978,7.96182
BLK,-6.42999,-4.50978,7.96182
BLK,-6.42999,-4.50978,7.96182
FATIX,2.21736,-4.72059,7.91908
FADTX,1.79555,-4.94862,7.85518
GIM,-6.69995,-5.36675,7.80471
FATEX,1.51012,-5.1101,7.79346
MNE,11.9075,7.47952,7.74876
FMRMX,-0.761857,-4.43546,7.69055
FTHCX,0.723687,-5.58125,7.66526
FABTX,0.924394,-5.35603,7.64085
FJPDX,-1.22553,-4.63075,7.62825
FCHSX,-1.0395,-4.53294,7.60516
BKCC,23.6244,5.36208,7.51965
FATJX,-1.69416,-4.92635,7.47877
PRMTX,11.4754,3.88278,7.34605
CII,7.4967,-1.33295,6.93224
VOX,1.36657,-1.01303,6.70155
VTCAX,1.30851,-1.00281,6.65999
BNY,13.4184,12.5538,6.64504
BME,5.16427,0.0223815,6.53645
VGT,4.71401,2.11795,6.42906
MPA,6.19725,9.7692,6.39187
VITAX,4.64766,2.06732,6.36049
PRWAX,7.97921,1.13715,6.3328
PAWAX,7.68239,1.01634,6.29492
TRBCX,10.3376,2.84204,6.29025
FZAHX,4.95261,-0.0595496,6.28928
BBN,2.56873,10.9753,6.28427
MVF,8.15797,9.2173,6.28158
MVF,8.15797,9.2173,6.28158
TPLGX,10.4524,2.87639,6.26179
BNJ,5.65875,9.93878,6.26143
FAGCX,4.82469,-0.119302,6.26064
PABGX,10.0589,2.72882,6.23685
FAGAX,4.56566,-0.245598,6.21714
FDGRX,7.2216,0.652933,6.20813
RRBGX,9.79315,2.60865,6.1743
FAGOX,4.34204,-0.336841,6.16049
BGSIX,10.6606,0.894454,6.14806
VPMAX,1.69817,0.342954,6.13801
VPMCX,1.65175,0.325903,6.12743
MUA,7.83129,6.63057,6.11622
BSTSX,10.4223,0.808451,6.08638
MHN,8.51576,8.34057,6.07792
FACGX,3.83871,-0.562529,6.07709
BGSAX,10.34,0.760456,6.07071
FABGX,3.72582,-0.600375,6.05201
BGSRX,10.0136,0.623059,6.04071
FTUIX,0.998926,-2.58802,5.97418
BGSCX,9.48276,0.359195,5.91357
FTUAX,0.66943,-2.7456,5.89924
MUJ,3.23373,10.2356,5.87449
FTUTX,0.370898,-2.88464,5.8245
FZAFX,6.68186,0.257684,5.7852
MYF,7.77951,12.4019,5.75511
EQPGX,6.54305,0.191794,5.75187
FTUCX,-0.0510945,-3.07153,5.72772
FAOFX,5.10931,-0.42225,5.7191
FTUBX,-0.0933358,-3.09359,5.71763
EPGAX,6.25953,0.0624981,5.68738
FMFMX,6.52661,-0.117212,5.658
FAEGX,6.03332,-0.04008,5.64083
FHKIX,-5.21003,-17.4556,5.61044
MAFOX,9.72004,1.1533,5.59264
MVT,10.831,12.9057,5.57461
MUS,7.60164,7.07889,5.57297
EPGCX,5.47989,-0.284499,5.53084
EPGBX,5.40626,-0.324475,5.50995
FHKAX,-5.51205,-17.5903,5.50356
OPTIX,2.97688,-2.08934,5.4447
FHKTX,-5.80318,-17.7082,5.44011
BDJ,-1.03696,-2.58868,5.42408
BFZ,11.5042,11.3661,5.41222
FDIGX,1.50204,0.630765,5.41101
OTCYX,2.80376,-2.17036,5.40788
BBK,7.95784,9.90715,5.3885
PRGSX,6.03318,-1.24209,5.37253
FCHKX,-6.19521,-17.887,5.36977
MDFOX,9.39074,0.97608,5.36633
PAGSX,5.77724,-1.35729,5.36308
FDAGX,1.24235,0.506101,5.35951
OPTFX,2.56233,-2.27131,5.35448
MCFOX,8.77995,0.980621,5.35379
TRGSX,6.03695,-1.20952,5.35221
TEI,-5.21395,-3.93788,5.32528
FHKBX,-6.27159,-17.8972,5.30703
OTCNX,2.30991,-2.39812,5.30218
FDTGX,0.972722,0.384512,5.29568
BAF,6.82778,6.16766,5.2167
BFK,8.99382,11.1315,5.2135
BTT,10.7869,7.9723,5.20805
VPCCX,-0.046194,-0.23053,5.20175
FDCGX,0.507796,0.15824,5.19484
FDBGX,0.504476,0.157965,5.19371
OTGBX,1.79062,-2.64792,5.15736
OTFCX,1.78218,-2.66646,5.1506
BQH,7.19547,7.30023,5.11158
FCLIX,-3.24569,-4.16692,5.11156
VHCAX,1.59047,-2.00189,5.10726
MGV,-1.36981,-1.69591,5.10042
MSLHX,1.94496,0.302984,5.08633
VHCOX,1.52253,-2.03837,5.08368
RFNGX,2.70344,-1.13907,5.07247
MALHX,2.16532,0.385445,5.07156
FINFX,2.58831,-1.16726,5.05437
RFNFX,2.64759,-1.15065,5.0503
FCLAX,-3.48654,-4.26405,5.04232
MDLHX,1.91395,0.277375,5.03058
CFNFX,2.50205,-1.22264,5.02218
ANCFX,2.39749,-1.27256,5.01309
FJPIX,7.5942,-3.99961,5.00043
FCLTX,-3.74091,-4.37332,4.99816
RFNEX,2.34906,-1.30571,4.98184
AFIFX,2.3262,-1.30793,4.97482
PRGFX,10.0896,1.99302,4.97242
CFNAX,2.28853,-1.33542,4.95768
MRLHX,1.58638,0.0982163,4.95343
FPJAX,7.25329,-4.1287,4.95294
RFNCX,2.05382,-1.4416,4.92332
CFNEX,2.06472,-1.4185,4.92134
PRJPX,13.7026,-3.67733,4.92117
MYJ,7.99293,9.89513,4.91557
ITGIX,10.0903,2.06473,4.9128
TRSAX,9.84133,1.87748,4.90071
RFEBX,2.11629,-1.51657,4.90018
TRLGX,8.9826,1.75908,4.8967
BLE,0.58619,10.6518,4.89112
BLE,0.58619,10.6518,4.89112
VMVLX,-1.47441,-1.8097,4.8874
FCLBX,-12.3225,-12.6845,4.88381
FCLCX,-12.2471,-12.6319,4.87239
BSE,7.19045,5.75552,4.86894
ITGSX,9.82984,1.94852,4.86514
RRGSX,9.57175,1.75244,4.84232
VSPGX,4.6292,0.924797,4.83613
MCLHX,1.0321,-0.14661,4.83295
OIRDX,-0.889979,-2.0556,4.8299
ITRGX,9.66582,1.87357,4.8267
OYRDX,-1.04019,-2.10923,4.8255
MQT,6.07713,8.64075,4.82373
FAMGX,8.00406,0.670715,4.82141
AFIBX,1.63483,-1.63637,4.81952
FJPTX,6.82376,-4.34735,4.81544
GLVIX,-1.09419,-3.86127,4.81473
RFNBX,1.64306,-1.64033,4.81392
PRCOX,1.82801,-0.825764,4.81365
AFICX,1.59364,-1.65574,4.81294
RFNAX,1.59195,-1.65378,4.81294
IGEAX,9.58065,1.83847,4.81241
CFNBX,1.5266,-1.68506,4.80983
CFNCX,1.53741,-1.68854,4.80226
BYM,5.73596,8.24512,4.79715
OARDX,-1.24481,-2.1963,4.78697
MBLHX,1.0219,-0.144064,4.77962
FJPCX,6.50183,-4.43714,4.77477
GLVYX,-1.26461,-3.94615,4.7595
FJPBX,6.37523,-4.49714,4.75336
PACOX,1.48294,-1.0027,4.74781
PRGIX,2.54313,1.00789,4.7363
VWUAX,7.60771,0.592644,4.73491
GLVAX,-1.51807,-4.06103,4.71432
VYM,-1.05781,-1.16034,4.70048
VWUSX,7.46567,0.532408,4.69667
ONRDX,-1.51831,-2.35156,4.68467
MADVX,-1.29159,-1.02258,4.68063
RRCOX,1.22297,-1.08923,4.66654
GLVNX,-1.73551,-4.17163,4.66025
VHDYX,-1.12654,-1.20425,4.66011
BREDX,3.67499,3.67726,4.65696
TRISX,1.58069,-1.00385,4.64384
MGC,0.466685,-1.40715,4.63587
BEDIX,3.43564,3.61599,4.63268
MDDVX,-1.53696,-1.11686,4.62427
BAEDX,3.16751,3.49991,4.58991
OCRDX,-1.94388,-2.54227,4.58879
VDC,5.29519,3.81898,4.58096
BCEDX,2.59814,3.29179,4.57612
FBTIX,3.40475,-15.2665,4.5648
MRDVX,-1.85142,-1.27662,4.56447
VEIRX,-0.323935,-0.768878,4.56383
TRULX,6.86237,1.82582,4.55761
VEIPX,-0.381058,-0.803552,4.55697
BFGBX,6.38128,-0.891645,4.55642
GLVCX,-2.2044,-4.38403,4.55276
TRVLX,-3.08108,-4.53995,4.54582
MSDVX,-1.66062,-1.22493,4.54416
OBRDX,-2.02511,-2.53655,4.54312
FHEIX,0.525335,5.52928,4.53819
MAFGX,6.27546,-0.927659,4.53119
VOOG,4.26801,0.586935,4.52939
BTA,6.99689,9.2584,4.52231
RGAGX,4.59554,-0.844634,4.52203
VCSAX,5.18048,3.76118,4.5207
PAVLX,-3.29903,-4.60918,4.52013
PAULX,6.65457,1.67481,4.51698
VMCTX,0.450597,-1.36582,4.51426
FBTAX,3.04487,-15.4781,4.51035
VONG,4.52451,-0.233593,4.50893
RGAFX,4.53052,-0.868208,4.50598
FHEAX,0.267761,5.41668,4.48881
GFFFX,4.48673,-0.891268,4.48673
BEDCX,-2.06869,-1.39988,4.47961
CGFFX,4.40445,-0.921348,4.47867
VGHAX,11.1097,-2.9698,4.461
MCDVX,-2.21925,-1.46681,4.45903
MYI,8.34214,7.79473,4.45042
MDFGX,5.97952,-1.06094,4.44929
RGAEX,4.2513,-0.986996,4.44865
VGHCX,11.0507,-2.98861,4.44353
AGTHX,4.26729,-0.979735,4.4387
FBTTX,2.67558,-15.6593,4.42176
FFIDX,2.22525,-2.59605,4.4206
VHT,5.63192,-5.2924,4.42049
TILCX,-4.89962,-4.06213,4.41799
GFAFX,4.22071,-1.00784,4.41767
FHETX,0.0323855,5.26999,4.40802
CGFAX,4.18341,-1.03278,4.4055
MBDVX,-2.27547,-1.50118,4.39452
VDIGX,2.01432,1.4304,4.38647
CGFEX,3.95426,-1.13276,4.37694
PRDGX,1.14889,-1.07372,4.37616
MRFGX,5.72133,-1.21044,4.37616
RGACX,3.95332,-1.15489,4.3759
RGEBX,3.92664,-1.14068,4.36837
FBTBX,2.16998,-15.86,4.3398
FBTCX,1.93956,-16.0475,4.3398
TADGX,0.928395,-1.18447,4.32488
VHCIX,5.51686,-5.36086,4.32235
VSLPX,1.55893,-0.853753,4.30877
MALRX,-0.330051,-1.71509,4.30576
VSLIX,1.53036,-0.85742,4.30413
FHECX,-0.471916,5.0193,4.30294
MIY,4.21112,6.2924,4.29499
BIE,5.82466,8.32328,4.28534
FHEBX,-0.513917,5.00549,4.28435
RGABX,3.57056,-1.31914,4.27978
AGRBX,3.52681,-1.33053,4.26739
GFACX,3.46534,-1.34529,4.2654
RGAAX,3.4989,-1.35262,4.26423
MCFGX,5.11676,-1.50039,4.26129
CGFCX,3.40236,-1.41044,4.25056
CMVIX,0.629921,-1.69231,4.24144
MDLRX,-0.56136,-1.81456,4.23991
CGFBX,3.3915,-1.40614,4.23687
CMVSX,0.319744,-1.79969,4.23588
MSLRX,-0.65496,-1.83191,4.22993
MRLRX,-0.808296,-1.88833,4.2026
BBF,6.12273,8.65306,4.17493
VTV,-2.25241,-2.70542,4.16556
PRIDX,8.80454,-2.18062,4.16206
BMCAX,0.326797,-1.83853,4.15606
VIVIX,-2.25095,-2.7261,4.14143
VVIAX,-2.25992,-2.72915,4.13814
VIVAX,-2.368,-2.79922,4.13518
MGK,2.95535,-0.802252,4.13367
VGIAX,1.14156,-1.10308,4.13299
BMCRX,0,-2.01707,4.12201
VQNPX,1.03644,-1.1565,4.11319
VINAX,-4.95017,-3.37954,4.09903
MBLRX,-1.35313,-2.17518,4.08212
MBFGX,4.88459,-1.61986,4.07821
MCLRX,-1.31249,-2.1468,4.07508
VIIIX,0.210439,-1.70121,4.07471
VMGAX,2.87042,-0.844532,4.07066
VINIX,0.19079,-1.71085,4.06994
VFIAX,0.189107,-1.72699,4.06577
TRREX,1.62089,6.21615,4.06434
OMSIX,2.58971,-0.760851,4.06091
WFSPX,0.206141,-1.71083,4.05381
MIGYX,2.42646,-0.833796,4.04915
BSPIX,0.13836,-1.74259,4.04038
VFINX,0.0821436,-1.77847,4.03834
SPY,0.195476,-1.63761,4.03602
MCA,7.78441,9.79049,4.0236
BMCVX,-0.458295,-2.16216,4.02299
PAREX,1.45081,6.14363,4.01775
PREIX,-0.032644,-1.84014,4.01093
BSPSX,0.0205714,-1.79973,4.00773
VIS,-5.06907,-3.43904,3.99249
VMRAX,5.99108,-0.763813,3.9895
BSPAX,-0.104157,-1.86223,3.9794
MSIGX,2.16845,-0.960216,3.97385
BMCCX,-0.463822,-2.18778,3.97287
VWILX,-0.959549,-7.59378,3.96586
VFAIX,-1.8043,-3.14777,3.95699
VMRGX,5.88467,-0.813918,3.95501
OMGNX,1.9498,-1.06968,3.93241
VV,-0.0482623,-2.15406,3.93014
VWIGX,-1.06224,-7.67239,3.91364
FHCIX,-1.57005,-13.6103,3.90107
VFH,-1.82371,-3.25106,3.87847
FACDX,-2.1249,-14.0027,3.84933
VNQ,-0.902019,5.35212,3.83207
OMSBX,1.46198,-1.28314,3.83047
MIGCX,1.44972,-1.28228,3.82532
VGSLX,-0.927842,5.28992,3.81954
BSPZX,-0.798359,-2.19751,3.81575
VGSNX,-0.90977,5.34107,3.81406
FACTX,-2.60131,-14.3098,3.79341
BFY,7.34788,2.04661,3.79046
BFY,7.34788,2.04661,3.79046
VLCAX,-0.107609,-2.19702,3.78909
VGSIX,-1.03768,5.22137,3.77804
VLISX,-0.105297,-2.1994,3.77491
VLACX,-0.213917,-2.24613,3.77385
FBUSX,1.7849,-4.10513,3.76811
VSBPX,2.58681,-1.0972,3.75846
VPKIX,1.26751,-7.96174,3.75435
VSBMX,2.56224,-1.11829,3.7481
RNPGX,4.77241,-1.45304,3.74214
RNPFX,4.72375,-1.48129,3.72093
VPAPX,1.26185,-7.93575,3.71691
FGABX,1.28848,-4.29385,3.70929
VPADX,1.17456,-7.96347,3.69909
ANWFX,4.67367,-1.50924,3.69862
FBLYX,1.54154,-4.23417,3.69666
FHCCX,-3.85933,-15.2072,3.69251
MQY,8.03949,7.27918,3.6912
CNPFX,4.60765,-1.55059,3.68115
FAHTX,-3.54719,-14.8884,3.68037
MUC,7.47978,7.93739,3.67705
ANWPX,4.4702,-1.61122,3.66923
OSCIX,14.8585,1.66866,3.66216
RNPEX,4.43886,-1.60442,3.65752
BOE,2.48363,-5.92209,3.65463
VONE,-0.443656,-2.57131,3.65153
CNPAX,4.37326,-1.62772,3.65145
VPL,1.24111,-7.6841,3.64938
NPFFX,4.40932,-1.64576,3.63336
VPACX,1.01048,-8.06408,3.61011
OSMYX,14.6501,1.58511,3.60998
CNPEX,4.12922,-1.74927,3.60537
VTCIX,0.534907,-2.47049,3.60251
PRHSX,11.8661,-6.83744,3.59261
VTCLX,0.498198,-2.4872,3.5901
RNPCX,4.10573,-1.77766,3.58142
RPEBX,4.28769,-1.77176,3.57143
BIBDX,1.99808,-0.588915,3.56779
BKN,-1.05272,7.90499,3.5636
RNGGX,3.33604,-5.08221,3.56074
FDGIX,-1.74508,-3.82317,3.55772
OSMAX,14.3751,1.46175,3.55667
MALVX,-2.43138,-3.43081,3.55223
RNGFX,3.29997,-5.09444,3.55206
SHSSX,9.21565,-5.6991,3.54813
FZADX,-1.65096,-3.75829,3.52938
BABDX,1.73185,-0.622871,3.52789
FZAPX,-1.0952,-5.11176,3.52213
VFTNX,0.261761,-2.74535,3.52141
CNGFX,3.15154,-5.16503,3.52035
FSSKX,-1.08991,-5.12487,3.51806
NEFFX,3.23457,-5.12116,3.51595
BRGNX,-0.31549,-2.60531,3.51254
NPFBX,3.70886,-1.95096,3.50682
VFTSX,0.16976,-2.83679,3.5007
RNGEX,3.01039,-5.21279,3.49189
RNPAX,3.66762,-1.97778,3.48971
ANEFX,3.04017,-5.21848,3.48964
OSMNX,14.1071,1.36713,3.48939
RNPBX,3.69424,-1.96131,3.48838
FGTNX,0.795519,-4.56623,3.48046
SHSAX,8.92748,-5.83043,3.48007
FBRNX,-1.24188,-5.16532,3.47904
PAGLX,0.211981,-5.13724,3.47744
RNNEX,3.07566,-5.23023,3.46995
SHISX,8.91819,-5.83273,3.46708
CNPCX,3.61412,-1.99193,3.4669
CNGAX,2.9275,-5.26316,3.46534
FADAX,-1.99438,-3.93423,3.46448
NPFCX,3.63947,-1.98978,3.46296
CNPBX,3.57746,-1.99893,3.46089
FDGTX,-2.19898,-3.97742,3.45887
MEN,8.54549,8.66876,3.45832
ANFFX,2.98102,-5.2369,3.45766
BRGAX,-0.510815,-2.68279,3.45572
RPGEX,0.262221,-5.10461,3.4536
BRGKX,-0.282197,-2.60671,3.45075
MKLVX,-2.40592,-3.46778,3.43833
POMIX,-0.757776,-3.03492,3.43805
MSLVX,-2.75355,-3.54826,3.43648
FMAMX,-1.49321,-5.30257,3.42919
MDLVX,-2.74918,-3.55396,3.42836
RNGCX,2.70718,-5.37033,3.42142
MRLVX,-2.98939,-3.64784,3.41831
RPIGX,0.352059,-5.12568,3.40894
OSMBX,13.5434,1.12814,3.40135
BHSRX,8.5996,-5.9824,3.40113
CNGEX,2.68326,-5.37854,3.39832
OSMCX,13.5526,1.11307,3.38425
FSJHX,-1.7476,-5.39153,3.37581
VIG,-3.01043,-1.98917,3.37213
MUI,3.807,7.08293,3.36088
BIREX,0.423319,5.28157,3.35683
VDADX,-2.99847,-1.97492,3.35139
VITPX,-0.66242,-3.11202,3.34931
FZALX,-2.36951,-4.57913,3.34869
VIGIX,2.3265,-1.6521,3.34608
VTI,-0.695753,-3.09955,3.34559
FDGCX,-2.71114,-4.20743,3.34544
VITNX,-0.687398,-3.12242,3.34493
VIGAX,2.31723,-1.65754,3.34419
VDAIX,-3.07102,-2.03099,3.34336
VITSX,-0.727927,-3.15049,3.34286
FFSIX,-4.84402,-5.98089,3.34077
BCBDX,0.987632,-1.02173,3.33981
OREIX,-0.240348,5.5212,3.33007
VUG,2.30895,-1.63565,3.32637
RNGBX,2.26693,-5.573,3.32093
ANFBX,2.27732,-5.56295,3.31974
FTRIX,-2.5158,-4.65767,3.31938
OEQYX,-0.94631,-4.13935,3.31809
SHSCX,8.17001,-6.15057,3.3174
VTSAX,-0.735813,-3.15682,3.31628
MCLVX,-3.41546,-3.8689,3.3094
RNGAX,2.25007,-5.57601,3.30936
ANFCX,2.22158,-5.56305,3.30872
VTSMX,-0.828108,-3.2136,3.30775
FAFDX,-5.12677,-6.11382,3.30641
VIGRX,2.17162,-1.70972,3.30598
FADBX,-2.7907,-4.2786,3.29604
CNGCX,2.16325,-5.59702,3.29541
VOOV,-4.69771,-4.7215,3.29532
SHSPX,8.1074,-6.15366,3.29318
CNGBX,2.15952,-5.61319,3.28967
FLACX,-2.22387,-5.62408,3.2537
MBLVX,-3.50795,-3.95717,3.25325
BAREX,0.167722,5.08505,3.23638
FGTAX,-2.80853,-4.79084,3.23555
FHRLX,-2.2936,-5.64446,3.23474
OREYX,-0.43596,5.40575,3.23413
FTGRX,-2.94995,-4.87,3.22681
VSPVX,-4.56812,-4.64675,3.20676
FAFSX,-5.39656,-6.27091,3.20374
OEQAX,-1.13507,-4.25494,3.19915
OREAX,-0.659453,5.27377,3.19587
FAFBX,-5.83457,-6.43626,3.19046
ORENX,-0.882819,5.18735,3.17564
OEQNX,-1.39107,-4.35356,3.17417
BTZ,1.1526,0.88989,3.17139
TROW,-13.5075,-7.63565,3.15801
PAAOX,-2.28451,-10.5204,3.15512
TRAOX,-2.08709,-10.411,3.14941
FAFCX,-5.77974,-6.4484,3.13299
BCREX,-0.502402,4.77829,3.12411
RPGIX,-2.26032,-6.9233,3.10777
FGRCX,-3.42278,-5.06664,3.10462
PRASX,-6.25114,-9.23431,3.09865
FGRBX,-3.47491,-5.10206,3.08693
TREMX,-9.34934,-11.5396,3.08321
ORECX,-1.38948,4.92355,3.05611
OEQBX,-1.8926,-4.59074,3.04515
OEQCX,-1.89092,-4.58706,3.04283
RAMHX,1.02072,0.0724869,3.0375
OREBX,-1.38626,4.91908,3.03271
MUH,3.40516,9.65474,3.03261
VTHR,-0.689698,-3.36124,3.01214
RMFFX,-3.88064,-3.51816,2.97598
PRNHX,4.14214,-3.42781,2.96218
RMFGX,-3.86235,-3.52065,2.95961
AMRFX,-3.94629,-3.57912,2.95852
CMLFX,-3.997,-3.6065,2.91476
AMRMX,-4.11276,-3.63472,2.91335
PREFX,5.03015,-1.87064,2.90735
RMFEX,-4.16116,-3.67723,2.90181
CMLAX,-4.1875,-3.66499,2.89072
VAW,-12.2495,-12.1762,2.88941
VMIAX,-12.0317,-12.192,2.88879
OMSOX,-2.14843,-4.53387,2.88843
FMALX,-3.28049,-5.90234,2.87672
AMFFX,-4.17043,-3.68862,2.87405
IRPSX,-8.27927,-7.3806,2.86822
ITEIX,-8.09082,-7.24607,2.866
OIGIX,3.24717,-4.50322,2.86368
BATEX,5.56883,5.73136,2.85512
OMSYX,-1.94824,-4.48943,2.85367
FINSX,1.85918,-2.86633,2.84315
RMEBX,-4.47656,-3.8618,2.84303
CMLEX,-4.43539,-3.79584,2.83925
MFT,5.92386,7.98723,2.83682
RMFCX,-4.4491,-3.81697,2.83029
MYN,7.66728,5.10699,2.82993
FZANX,1.95497,-2.84012,2.82391
OIGYX,3.05846,-4.57855,2.82249
ITETX,-8.41306,-7.39353,2.82132
OMSNX,-2.39179,-4.67676,2.8047
FNIAX,1.59497,-2.98872,2.78973
OIGAX,2.8101,-4.6675,2.78078
VHGEX,-0.777066,-5.19398,2.7712
AMFBX,-4.77953,-3.95999,2.77063
ITEAX,-8.64217,-7.50658,2.76025
RMFAX,-4.86143,-3.99655,2.74441
AMFCX,-4.82134,-3.99006,2.73985
RLBGX,0.894825,-0.139872,2.7393
BZM,5.87234,2.84385,2.73879
BZM,5.87234,2.84385,2.73879
MFL,5.6663,6.80836,2.73578
CMLCX,-4.89609,-4.00998,2.73189
PRSGX,-0.433966,-5.16942,2.72269
RMFBX,-4.83505,-4.01645,2.72113
FNITX,1.33381,-3.12202,2.71264
CMLBX,-4.90508,-4.02718,2.71045
AMBFX,0.817499,-0.164895,2.69855
OMSCX,-2.87727,-4.88883,2.69169
PRFDX,-8.19328,-7.40113,2.69051
OIGNX,2.54088,-4.80318,2.68979
OGLIX,3.67179,-6.74698,2.6842
FGIOX,-3.68012,-6.06058,2.66318
OMOBX,-2.90671,-4.88608,2.65915
VONV,-5.51118,-5.20403,2.65018
VINEX,7.39136,-3.8853,2.64893
RGGFX,0,-5.21797,2.64664
RGGGX,0,-5.21108,2.64286
OGLYX,3.47823,-6.84015,2.64012
MYD,4.23113,7.01951,2.63576
PAFDX,-8.41729,-7.51143,2.6254
VDEQX,-0.371054,-4.58987,2.61147
FGIRX,-3.91479,-6.18822,2.60664
IGRWX,2.08396,-5.01384,2.60324
VIOG,2.97749,-4.74949,2.60209
REBGX,-0.210526,-5.32623,2.5974
VUVLX,-2.59469,-3.9058,2.59637
PGGFX,-0.280308,-5.32269,2.59553
BHL,5.106,-0.991156,2.59412
FNIBX,0.812863,-3.33284,2.59391
OPPAX,3.24269,-6.94049,2.59345
IGMIX,3.27751,-7.12916,2.59067
CGGFX,-0.209937,-5.31208,2.58993
OIGCX,2.06244,-5.0264,2.58522
PGWFX,-0.0699301,-5.23873,2.58435
TRSSX,-3.60558,-6.80502,2.58258
FNICX,0.847769,-3.3428,2.57169
FGITX,-4.13644,-6.26324,2.5698
RRFDX,-8.67055,-7.62206,2.56325
IOGPX,2.90568,-7.26552,2.55941
IGMSX,3.07908,-7.18817,2.55801
RICGX,-2.53064,-3.97075,2.55672
FAIVX,-4.11093,-5.16594,2.54363
RICFX,-2.60449,-3.99716,2.54196
MUE,5.08074,7.80995,2.54071
VSGNX,3.15201,-4.68483,2.54066
OTCFX,-3.66607,-6.7102,2.53778
OGLNX,2.98514,-7.04148,2.53733
ICAFX,-2.63556,-4.02578,2.52864
CPGAX,-0.350631,-5.39281,2.52525
RGGEX,-0.350385,-5.38922,2.52343
PGGAX,-0.280308,-5.32269,2.52161
CICFX,-2.69399,-4.03749,2.51793
AIVSX,-2.80601,-4.08301,2.51175
IGMAX,2.79408,-7.3427,2.50896
RGWGX,0.933956,-5.2005,2.50678
RGWFX,0.864937,-5.19074,2.50169
RIEBX,-2.82509,-2.77901,2.49321
AICFX,-2.86666,-4.13562,2.49198
BLJ,2.12571,7.34672,2.49195
BLJ,2.12571,7.34672,2.49195
FGISX,-4.64728,-6.49304,2.47502
RICEX,-2.87206,-4.12294,2.46907
FAVAX,-4.34707,-5.35644,2.46692
RGLCX,-0.632911,-5.48495,2.46555
CGGEX,-0.632467,-5.48128,2.46377
OYAIX,-0.660939,-5.53111,2.45399
CICAX,-2.9204,-4.14983,2.45289
FGIUX,-4.59146,-6.48642,2.45209
FCWRX,-12.0859,-17.2227,2.45053
CGPFX,0.735294,-5.2797,2.44731
PASSX,-3.95099,-6.84736,2.44291
GWPEX,0.801068,-5.26976,2.44233
MACPX,0.0544127,-0.73081,2.44216
OGLCX,2.50341,-7.26194,2.43101
FAVTX,-4.57565,-5.40647,2.42855
RFITX,-0.236407,-3.87244,2.42718
TACWX,-12.2304,-17.3053,2.42547
REITX,-0.314218,-3.86364,2.42131
OGLBX,2.4942,-7.27031,2.42085
VEVFX,-3.34093,-7.49542,2.41692
RICCX,-3.15582,-4.25564,2.41679
RGGBX,-1.06082,-5.66419,2.41581
ONAIX,-1.12957,-5.76314,2.40881
MDCPX,-0.169021,-0.831257,2.40653
OIDYX,0.78853,-5.95318,2.4035
CICEX,-3.13557,-4.24763,2.40136
OAAIX,-0.928998,-5.68541,2.40055
PGGBX,-1.05411,-5.69324,2.4
RIBEX,-3.15661,-4.31013,2.39845
VIOO,-2.04597,-6.39907,2.39461
FLMLX,-4.73173,-6.2705,2.39425
OIDIX,0.929235,-5.92938,2.39304
RGWEX,0.535475,-5.35602,2.38582
GWPFX,0.535475,-5.35602,2.38582
CGPAX,0.535475,-5.35602,2.38582
GWPAX,0.602007,-5.28967,2.38257
FBJTX,-0.449871,-3.96776,2.37938
MDNKX,3.69112,4.01234,2.37856
STSEX,-3.84096,-2.72541,2.37647
RFHTX,-0.231303,-3.8633,2.37342
REKTX,-0.383632,-3.94574,2.36531
FCPIX,2.55962,-3.74984,2.36226
RFKTX,-0.319489,-3.8817,2.3622
RDITX,-0.553797,-4.0458,2.36156
MENKX,3.59675,3.87903,2.35996
AALTX,-0.552923,-4.03963,2.35772
FBITX,-0.395257,-3.96341,2.35581
CPGCX,-1.13154,-5.73163,2.34261
GGPCX,-1.06007,-5.72391,2.33918
RGGAX,-1.05783,-5.71237,2.33406
OCAIX,-1.56356,-5.97403,2.33216
OBAIX,-1.56356,-5.97403,2.33216
BLW,-2.21285,-3.07012,2.33179
CGGBX,-1.12597,-5.76794,2.33066
CGPEX,0.268637,-5.44649,2.33036
RGPCX,0.268456,-5.50285,2.32877
RAFGX,-0.071596,-4.70325,2.32655
MRBPX,-0.482562,-0.964375,2.32559
AICBX,-3.49636,-4.42443,2.32295
RBGEX,0.468855,-5.42245,2.31924
CICCX,-3.59939,-4.48726,2.31856
AICCX,-3.56911,-4.46506,2.31795
FAJTX,-0.643087,-4.03727,2.31788
RDJTX,-0.643087,-4.09684,2.31788
FEMGX,-3.30085,-2.87778,2.31646
MANKX,3.8262,3.98652,2.31532
AAMTX,-0.642261,-4.03226,2.31481
FATTX,-0.619195,-4.03587,2.31076
TCWAX,-12.5151,-17.4499,2.30943
RDHTX,-0.618716,-4.03286,2.30892
RICBX,-3.52804,-4.44725,2.30657
RICAX,-3.57921,-4.46321,2.30608
RFGTX,-0.309837,-3.8835,2.30525
AAHTX,-0.540958,-4.02685,2.30525
MCNKX,3.22951,3.81331,2.30424
CICBX,-3.60988,-4.47511,2.30231
FBHTX,-0.386399,-3.94933,2.30159
FAVBX,-5.10717,-5.70099,2.3013
REGTX,-0.3861,-3.94639,2.29976
RCITX,-0.875099,-4.15385,2.29885
FZAAX,-0.301599,-2.81013,2.29697
AMCFX,-0.180713,-4.75176,2.29568
TRSGX,-0.538615,-4.25348,2.29131
FAIOX,-0.375154,-2.86715,2.28851
REHTX,-0.384025,-3.92593,2.28707
OIDAX,0.434153,-6.08931,2.28445
TRRLX,-0.621762,-4.86705,2.28283
FAITX,-0.633413,-4.12529,2.28199
RAFFX,-0.145946,-4.73006,2.28193
FOPIX,9.50976,-3.56604,2.27442
CAFFX,-0.290371,-4.7857,2.27392
TRTFX,-0.734355,-4.88248,2.27369
FAVCX,-5.04663,-5.64951,2.27256
RCMTX,-0.904977,-4.1875,2.26818
AMCPX,-0.363322,-4.83924,2.26716
ITRIX,4.36213,0.0918177,2.26474
FSIDX,-2.60295,-1.9379,2.26457
PRWCX,4.20871,0.0403632,2.25431
RBEMX,-0.771704,-4.16149,2.25315
RFFTX,-0.31348,-3.78215,2.2508
RCHTX,-0.934579,-4.21687,2.2508
VWENX,-0.542371,-1.25048,2.24632
AMPFX,-0.438844,-4.87566,2.24593
PACLX,3.94118,-0.0669299,2.24563
RAFEX,-0.402745,-4.84011,2.24509
REFTX,-0.39032,-3.77074,2.24359
FCPAX,2.31244,-3.87237,2.24245
OIDNX,0.219619,-6.23288,2.24048
FAUTX,-0.622084,-3.98197,2.24
RDGTX,-0.622084,-3.98197,2.24
MFNKX,2.90192,3.66228,2.23969
AAGTX,-0.621118,-3.97599,2.23642
MAMTX,2.97108,3.83007,2.23637
MCCPX,-0.899993,-1.21864,2.23597
FIATX,2.09205,-3.93701,2.23464
RBHHX,-0.773994,-4.18535,2.23285
FBGTX,-0.3885,-3.89805,2.23285
FOPAX,9.1317,-3.66945,2.22559
VWELX,-0.615239,-1.29335,2.22043
EMIYX,-6.74916,-12.5527,2.21948
EMVIX,-6.62921,-12.4341,2.21402
RGWBX,-0.202429,-5.73614,2.21147
CGPCX,-0.202429,-5.73614,2.21147
GWPCX,-0.135044,-5.67602,2.21147
FCDIX,-0.647338,-6.66069,2.21025
CAFAX,-0.476604,-4.88092,2.20938
VTMFX,1.5997,0.23135,2.20868
CGPBX,-0.26936,-5.72884,2.20842
RGWAX,-0.201884,-5.72155,2.20538
GWPBX,-0.201748,-5.71792,2.20386
FAIGX,-0.876627,-3.0867,2.2023
RBHEX,-0.870253,-4.27807,2.20228
MEMTX,2.77251,3.6487,2.20216
FASDX,-2.79416,-2.01053,2.19742
TRRZX,-1.12931,-5.08414,2.19407
FABLX,-0.681329,-2.9919,2.19374
MHE,-2.88851,1.43571,2.19004
BBJTX,-1.21873,-4.28838,2.18978
ITCSX,4.106,-0.0180342,2.18921
TRRYX,-0.824833,-4.97322,2.18361
RDFTX,-0.628931,-3.87833,2.1827
AAFTX,-0.627943,-3.87244,2.17918
CAFEX,-0.710339,-5.01551,2.17692
FBFTX,-0.392773,-3.79363,2.17566
RCKTX,-0.9375,-4.15722,2.17566
PARFX,-0.972313,-5.039,2.17509
CCHTX,-1.3986,-4.37076,2.17391
TRRNX,-0.748908,-4.96476,2.17024
TRTGX,-1.04011,-5.07928,2.16885
FVLIX,-2.68005,-5.21681,2.16731
RAFCX,-0.707064,-4.99357,2.16698
ITCTX,3.9368,-0.134376,2.16622
FVLAX,-2.89863,-5.33197,2.16589
TRFFX,-0.769189,-4.90725,2.16506
FOPTX,8.88413,-3.77347,2.16476
RBEKX,-0.855365,-4.20736,2.16346
TAIAX,0.742889,-0.255575,2.16306
TAIFX,0.775413,-0.247197,2.16306
TXIFX,0.937271,-0.188999,2.16126
MDNJX,2.18634,3.85061,2.16089
TCWCX,-13.1217,-17.7198,2.15843
RAMTX,-1.36719,-4.4164,2.15779
RAEBX,-0.693036,-5.02285,2.15544
RBITX,-1.28102,-4.4186,2.1541
TRRDX,-0.75138,-4.92649,2.15388
MANJX,2.26173,3.845,2.15384
TRRMX,-0.743152,-4.92911,2.15374
RBMTX,-1.30039,-4.34783,2.15343
ITRAX,3.77453,-0.175741,2.14661
FEYIX,-1.54294,-5.69578,2.14296
CCJTX,-1.35659,-4.38322,2.14047
CCITX,-1.35135,-4.39137,2.13992
MDMTX,2.80019,3.70334,2.13866
MSNJX,2.16891,3.79767,2.13529
PARLX,-0.947098,-5.00714,2.13426
PARDX,-1.00543,-5.04358,2.13384
MENJX,2.16719,3.79417,2.13334
MXEQX,-8.97514,-8.01734,2.13271
FCPCX,1.66793,-4.14582,2.13252
BBITX,-1.18859,-4.29777,2.1294
FTSDX,-3.04619,-2.13434,2.12909
FCDAX,-0.905753,-6.78455,2.12516
MHD,4.54236,7.83808,2.12452
FCPBX,1.58491,-4.19929,2.12443
TRFOX,-0.719961,-4.78066,2.12422
RRTVX,-1.2032,-5.08604,2.12356
MAYHX,4.66343,4.51068,2.12327
OIDCX,-0.221729,-6.44491,2.118
TRRKX,-0.756314,-4.97567,2.11753
RRTFX,-1.20456,-5.15063,2.11695
OIDBX,-0.221566,-6.44044,2.1164
RBHTX,-1.25687,-4.3379,2.1121
MACMX,4.28001,3.51293,2.1108
PAROX,-0.973651,-4.98921,2.10888
RAHTX,-1.40845,-4.40061,2.10697
EMIRX,-7.20721,-12.7119,2.10657
FAMRX,-1.56651,-5.70382,2.10453
EMIAX,-7.08661,-12.685,2.10136
FIFFX,-1.51029,-5.6172,2.10053
FAQTX,-0.706991,-3.95137,2.10016
CCGTX,-1.32709,-4.31491,2.10016
VTMSX,-1.83545,-6.24788,2.10016
FDKQX,-1.56852,-5.71152,2.09644
CMGIX,6.3467,-6.39396,2.09537
VTSIX,-1.79661,-6.24085,2.09533
FHFIX,-1.60432,-5.63973,2.09472
MDCMX,4.18728,3.47099,2.09434
MXTQX,-9.22534,-8.14732,2.09424
LIVKX,-1.68964,-4.3628,2.0938
FITHX,-1.54273,-5.64636,2.09003
BBHTX,-1.31885,-4.43276,2.08668
MDYHX,4.40629,4.39731,2.0846
MBCPX,-1.2441,-1.37104,2.08426
PAFTX,-1.03097,-5.08572,2.08406
MCNJX,1.81918,3.6369,2.07964
AMPCX,-1.15217,-5.20345,2.07945
FFFLX,-1.7741,-5.74294,2.07305
RAFBX,-1.09016,-5.16599,2.07237
FABCX,-1.35434,-3.29194,2.07196
RAFAX,-1.12738,-5.19994,2.07155
MECMX,4.07266,3.41514,2.07132
RAITX,-1.44,-4.42203,2.07125
FCSDX,-3.5465,-2.39911,2.0709
MCYHX,3.71557,4.18256,2.06725
LIHKX,-1.73169,-4.36257,2.06718
MFMTX,2.02966,3.40801,2.06569
TRRJX,-0.753802,-4.64581,2.0643
RRTDX,-1.22113,-5.15623,2.06285
FFFPX,-1.5176,-5.62103,2.05882
FFFZX,-1.72644,-5.70136,2.05681
AMPBX,-1.13992,-5.18159,2.05198
ODVIX,-13.4023,-13.7978,2.05009
FVLTX,-3.13096,-5.44286,2.04621
FFFIX,-1.56398,-5.67057,2.04479
PRIGX,-2.09328,-6.70867,2.04479
PAOFX,-0.984303,-4.88189,2.04045
RAKTX,-1.41732,-4.42748,2.03749
RBKTX,-1.33964,-4.35447,2.03749
RCFTX,-0.948617,-4.05819,2.03583
FBSDX,-3.56464,-2.43595,2.03193
FCDTX,-1.26568,-6.96114,2.02832
FOPCX,8.33683,-4.04242,2.02823
VNJUX,2.20581,3.85534,2.02784
CAFBX,-1.26711,-5.25651,2.0254
RBEFX,-0.943396,-4.10959,2.02429
CAFCX,-1.22568,-5.25038,2.02293
FATHX,-1.77198,-5.75486,2.02265
VNJTX,2.12062,3.82037,2.01928
FHFTX,-1.99095,-5.84251,2.01835
ODVYX,-13.5757,-13.8721,2.01812
BBGTX,-1.40187,-4.38066,2.0145
RFETX,-0.314713,-3.35622,2.01288
FHFAX,-1.84117,-5.74324,2.01097
LIVIX,-1.81735,-4.4578,2.01005
FEYAX,-1.87058,-5.85582,2.00953
REETX,-0.39185,-3.41945,2.00642
FAOIX,3.1285,-6.85455,2.00595
MCCMX,3.69109,3.24452,2.00389
FOPBX,8.34598,-4.09671,2
VRTGX,-1.21686,-9.20022,1.99862
RPTFX,-0.677526,-4.51688,1.99722
FDKPX,-1.89712,-5.81959,1.9958
EMVCX,-7.67494,-12.886,1.99501
FDTTX,-4.21798,-7.4637,1.98742
LIHAX,-1.95678,-4.53459,1.98447
FFFQX,-2.03467,-5.86081,1.98413
FAISX,-1.47433,-3.38662,1.98368
LIHIX,-1.77428,-4.38308,1.98105
BIT,0.573507,-1.53043,1.98039
RAFTX,-1.43541,-4.26026,1.9802
RBFTX,-1.3535,-4.25039,1.97531
FAOAX,2.81899,-6.97761,1.97378
CMGSX,5.84524,-6.56987,1.9737
FALIX,-4.55103,-7.41765,1.97183
FFFTX,-1.985,-5.82348,1.97044
FTFFX,-2.00497,-5.87413,1.9697
BMGAX,5.92477,-6.59122,1.96967
FDEIX,-4.10819,-7.44355,1.96897
FCDCX,-1.69545,-7.12109,1.96671
FAFFX,-1.79669,-5.78801,1.96226
CCFTX,-1.42068,-4.29119,1.95918
LIPAX,-2.00333,-4.53942,1.95911
BMRRX,5.73514,-6.69256,1.95888
FVLBX,-3.59425,-5.69512,1.95791
FCDBX,-1.68548,-7.12296,1.95743
ODMAX,-13.7756,-13.9948,1.95661
FTTHX,-2.06542,-5.86907,1.95599
BBFTX,-1.41844,-4.28462,1.95599
LIPIX,-1.82345,-4.46551,1.95578
LIPKX,-1.78382,-4.4571,1.95578
PARKX,-1.05955,-4.8429,1.9498
FBNRX,-3.49745,-4.37907,1.94562
FAETX,-0.631912,-3.52761,1.94489
FEYTX,-2.13865,-5.96272,1.94414
VSMVX,-7.16954,-8.17861,1.94385
FDETX,-3.95313,-7.37186,1.93888
MFCMX,3.33977,3.07767,1.93821
FBETX,-0.394322,-3.44037,1.93705
ODVNX,-13.96,-14.0611,1.93446
FAERX,2.61187,-7.06182,1.93361
LIVAX,-1.97838,-4.5967,1.92791
FVLCX,-3.62828,-5.69508,1.92425
TAICX,-0.0440216,-0.587301,1.92147
LIKKX,-1.71383,-4.21468,1.91471
MFNJX,1.36135,3.46961,1.91426
PAFFX,-0.939604,-4.69189,1.91363
LIKIX,-1.67157,-4.15011,1.91304
RRTPX,-1.24708,-4.8896,1.91253
TXABX,-0.0134484,-0.587265,1.91189
FBFFX,-2.46262,-6.06061,1.91131
FALAX,-4.79203,-7.53841,1.91073
TGBAX,-3.61777,-4.44442,1.9105
FEYCX,-2.58575,-6.14187,1.90834
FDKSX,-2.52125,-6.1284,1.90074
FFFYX,-2.44559,-6.08295,1.9
FCTHX,-2.488,-6.08828,1.89926
FFFWX,-2.54923,-6.06618,1.89432
FDKTX,-2.08579,-5.92233,1.89274
RNWGX,-6.14233,-9.25222,1.89063
FBTHX,-2.47745,-6.06061,1.88989
RNWFX,-6.16707,-9.26997,1.88718
FEYBX,-2.55154,-6.17138,1.87793
FFFKX,-2.48434,-6.102,1.87747
RCETX,-0.951626,-3.62654,1.87602
NFFFX,-6.22772,-9.30696,1.87488
RBEEX,-0.947119,-3.68381,1.86688
FEUIX,1.35493,-8.06809,1.86424
MAILX,-4.05837,-9.14811,1.86219
RDETX,-0.631413,-3.5249,1.86084
AAETX,-0.630418,-3.51951,1.85784
BMGBX,5.18393,-6.90343,1.85588
FCFFX,-2.54967,-6.09929,1.84615
FHFCX,-2.52171,-6.09653,1.83655
FEFIX,-1.36821,-5.19573,1.83486
TPINX,-3.86959,-4.56026,1.83348
OAAYX,-1.29136,-4.67654,1.83181
LIKAX,-1.94782,-4.38555,1.82927
CNWFX,-6.36329,-9.375,1.82751
NWFFX,-6.4656,-9.40296,1.82639
FALGX,-5.06132,-7.67581,1.823
RNWEX,-6.451,-9.39891,1.82191
FTTRX,-4.29315,-5.30166,1.81762
ODVBX,-14.3774,-14.2523,1.80305
TGTRX,-4.66823,-5.42348,1.80278
VWNAX,-4.11014,-5.51265,1.79805
TRRCX,-0.856247,-4.42675,1.79702
FDTZX,-4.74928,-7.71534,1.79408
NEWFX,-6.49691,-9.43054,1.79372
PMEGX,5.28972,-3.20175,1.79345
VWIAX,0.906127,1.30717,1.79149
FFFJX,-2.57443,-6.14115,1.78926
OSVIX,-0.745562,-3.93914,1.78738
FIIIX,3.30391,-5.01706,1.78612
PAHHX,-0.899513,-4.42682,1.78371
TTRZX,-4.4821,-5.36712,1.78215
FTFEX,-1.86704,-5.38793,1.77743
TRHRX,-0.723422,-4.33196,1.77634
ODVCX,-14.401,-14.2729,1.7762
ORRWX,4.17344,3.98776,1.77324
VWINX,0.840223,1.28034,1.77205
OAAAX,-1.54976,-4.81073,1.77066
FAFEX,-1.65797,-5.29707,1.76923
CNWAX,-6.56728,-9.47157,1.76772
VWNFX,-4.19705,-5.57298,1.76589
VFIFX,-2.43325,-5.34426,1.76243
BMGCX,5.20033,-6.90093,1.76125
RPMGX,5.06631,-3.15403,1.7598
FAOBX,1.96079,-7.39726,1.75615
TBOAX,-5.67442,-4.65446,1.755
VFORX,-2.4218,-5.35073,1.75377
FGEAX,1.0835,-8.21976,1.74461
FALHX,-5.56181,-7.89405,1.74407
FZAJX,3.35378,-4.96408,1.74332
FGETX,0.852225,-8.27691,1.7417
CNWEX,-6.76291,-9.54662,1.74129
FAOCX,1.99402,-7.37891,1.74042
RNWCX,-6.7501,-9.5457,1.73769
FLCCX,-5.49842,-7.87071,1.73484
VTIVX,-2.41545,-5.36179,1.73475
VFFVX,-2.56652,-5.40869,1.73202
OSVYX,-0.963445,-4.09339,1.73171
RBETX,-1.35891,-3.89408,1.73124
MDILX,-4.45205,-9.3752,1.72875
FDECX,-5.14561,-7.91105,1.72788
FIAGX,2.96493,-5.19423,1.72782
PARCX,-1.12335,-4.54729,1.72459
RAETX,-1.3535,-3.87898,1.72414
TEGBX,-4.24028,-4.74313,1.72377
RNEBX,-6.76946,-9.55855,1.72343
CCETX,-1.42631,-3.93822,1.71709
BBETX,-1.346,-3.85802,1.71429
OSVAX,-1.1989,-4.17161,1.71143
FZAGX,-5.50537,-7.25336,1.71042
FZAEX,-9.54296,-11.415,1.70701
BGY,-1.55044,-12.7919,1.70598
FIMKX,-9.66658,-11.4557,1.70503
VBIAX,-0.113684,-1.36289,1.70435
VBAIX,-0.143972,-1.36289,1.70435
VTTSX,-2.55591,-5.41006,1.70434
RBBEX,0.0333927,-1.76205,1.70411
CBAFX,0.0715112,-1.73642,1.70147
BLPEX,0.108749,-1.72874,1.70147
RBAGX,0.191452,-1.62353,1.70015
RBAFX,0.153724,-1.71212,1.70015
PAMCX,4.79556,-3.27475,1.69991
OAANX,-1.80328,-4.84512,1.69779
FDEBX,-5.13869,-7.89029,1.69679
RRTCX,-1.35014,-4.66787,1.69626
FZABX,3.64126,-6.54342,1.68876
TRPBX,-0.476092,-3.28719,1.6731
PRSVX,-5.15867,-5.82558,1.67025
VBINX,-0.251477,-1.43375,1.66957
VTWSX,-2.95658,-6.90259,1.66901
FEUCX,0.33973,-8.49813,1.66874
FCNIX,4.71002,-2.37632,1.66837
EQPIX,-5.65645,-7.30279,1.66694
LIJAX,-1.69102,-3.95669,1.66521
VTWIX,-2.84436,-6.84356,1.66495
RPBAX,-0.124994,-3.12338,1.66481
FGEBX,0.338345,-8.47605,1.66343
LIJKX,-1.46373,-3.79317,1.66229
LIJIX,-1.50312,-3.79823,1.66084
OMFYX,4.99568,5.14951,1.6565
FCNBX,-6.02106,-4.91908,1.6518
TRGRX,-0.2966,0.272877,1.64915
FITGX,2.69358,-5.28779,1.64665
RNWAX,-7.18136,-9.7529,1.64453
RRMGX,4.53457,-3.38796,1.64337
PRDMX,0.85887,-5.4776,1.64005
BGT,0.987839,-2.50369,1.63845
FCFEX,-2.36365,-5.64808,1.63807
FDVIX,3.47998,-6.63569,1.63589
NEWBX,-7.16582,-9.74265,1.63527
BKK,0.0669694,3.3757,1.6342
FCNAX,4.42999,-2.5453,1.63304
NEWCX,-7.22007,-9.76342,1.62825
CBAEX,-0.395107,-1.93022,1.62791
RBAEX,-0.124734,-1.85851,1.62539
CBAAX,-0.161559,-1.866,1.62539
BLPFX,-0.124551,-1.85833,1.62539
FBFEX,-2.34697,-5.67529,1.62539
BLPAX,-0.0944043,-1.84318,1.62539
FAMKX,-9.9865,-11.6166,1.62519
VWALX,3.62453,3.82006,1.62423
RNWBX,-7.16486,-9.75473,1.62345
LPVKX,-3.11272,-5.60134,1.62242
FEIAX,-5.88384,-7.41621,1.61999
PATVX,-0.901694,-4.12579,1.61623
VWAHX,3.55973,3.8014,1.61512
PASVX,-5.4539,-5.96166,1.61292
OSVNX,-1.44841,-4.28418,1.61254
CNWBX,-7.27655,-9.80866,1.61155
TTRCX,-5.14033,-5.70364,1.61008
OPTAX,4.75213,5.02601,1.60735
RPGRX,-0.728856,-4.11984,1.60694
PAGEX,-0.400337,0.22177,1.60602
CNWCX,-7.28464,-9.80502,1.60508
FASGX,-1.38496,-4.85699,1.60181
BIFRX,-4.71429,-9.49796,1.59939
BLKIX,-3.50711,-6.43382,1.59681
FEIRX,-6.07526,-7.501,1.59234
FERIX,-8.29446,-13.5157,1.59055
VGSTX,-0.720776,-2.88,1.58996
VCITX,3.92745,4.14407,1.58828
VCLAX,3.97919,4.16144,1.58828
ORRYX,4.36042,4.13315,1.58389
LPHKX,-3.03069,-5.51025,1.58371
VMNIX,6.45724,7.01754,1.58201
LPSGX,-3.1164,-5.65363,1.58124
VTWG,-1.65418,-9.77052,1.58019
FTMKX,-10.1848,-11.6969,1.58002
FDVAX,3.18119,-6.77876,1.57734
FIGCX,2.14955,-5.51612,1.57461
TRRHX,-0.882519,-4.05818,1.57441
HYT,-7.58753,-6.48607,1.57383
VTTHX,-2.07516,-4.69433,1.57067
VWLUX,3.59179,3.88452,1.56962
FACPX,1.73349,-4.91139,1.56842
VCR,6.26856,-1.67952,1.56497
FAAIX,-1.47643,-4.89538,1.55743
OAACX,-2.24813,-5.09297,1.55709
CGNFX,-1.60836,-3.41061,1.55642
RGNGX,-1.49749,-3.37025,1.55521
RGNFX,-1.52369,-3.37261,1.5528
VWLTX,3.53839,3.84869,1.55214
RBACX,-0.387432,-1.98968,1.55039
FEAAX,-8.54179,-13.618,1.54946
FTEIX,-0.0626746,-7.06074,1.54706
OAABX,-2.2314,-5.13232,1.54506
VT,-2.70954,-6.84006,1.54215
FLUIX,-5.06532,-6.56425,1.54018
PRXCX,3.47519,3.76227,1.53284
VRTIX,-4.67077,-9.06597,1.5319
PARJX,-1.20752,-4.26611,1.5169
VOHIX,3.8163,3.89092,1.51678
OSCVX,-1.90591,-4.48947,1.51523
VCDAX,6.26888,-1.68121,1.51125
LPSFX,-2.89251,-5.30205,1.509
FADIX,2.90698,-6.91013,1.50836
FBDTX,-0.654664,-2.56822,1.50502
BLHIX,-3.43511,-6.12245,1.50451
RFDTX,-0.570962,-2.55795,1.49875
REDTX,-0.569569,-2.55183,1.49502
VMNFX,6.34231,6.99301,1.49254
LPVIX,-3.47134,-5.74689,1.49142
OSVBX,-1.96762,-4.56367,1.49107
FAASX,-1.70248,-5.02563,1.48832
VASGX,-1.96606,-4.54081,1.4882
OMFCX,4.00742,4.72259,1.48542
OTFBX,4.00334,4.72047,1.48475
FEATX,-8.80294,-13.7444,1.48297
FCECX,0.982198,-5.40539,1.48058
FCIGX,1.86716,-10.0075,1.47984
RBEGX,-1.7137,-3.49456,1.47975
GAIOX,-1.76486,-3.50971,1.47975
RGNEX,-1.79454,-3.52486,1.47975
GAIFX,-1.81656,-3.53244,1.47975
CGNAX,-1.83763,-3.53244,1.47975
LPRFX,-3.62325,-5.88759,1.47945
GAIEX,-1.63802,-3.46671,1.47745
BLPCX,-0.854972,-2.18582,1.47745
BLJIX,-3.51185,-6.54762,1.47738
CBPCX,-0.928834,-2.20719,1.4763
RBABX,-0.876627,-2.19181,1.4763
STLFX,-3.4491,-5.82298,1.47621
FBIGX,2.14349,-5.58388,1.47526
RBAAX,-0.794057,-2.12464,1.47516
VIOV,-7.71224,-8.86492,1.47369
FTASX,-1.91908,-5.09229,1.47366
BLPBX,-0.859035,-2.20222,1.47287
CBBBX,-0.925342,-2.22351,1.47173
MCILX,-5.3313,-9.79681,1.46939
FEICX,-6.56328,-7.73773,1.46238
PRNCX,0.0130242,-5.77884,1.46089
FITWX,-1.20892,-4.40061,1.44928
FEIBX,-6.62454,-7.7668,1.44772
LPHAX,-3.57633,-5.73201,1.44707
LPHIX,-3.38276,-5.64655,1.44597
ORNYX,4.37308,4.74012,1.44507
VMATX,3.53394,3.87874,1.4363
BRPLX,-3.62647,-6.42606,1.4313
VWNEX,-4.5893,-7.68037,1.43102
FLUAX,-5.37333,-6.69064,1.42834
MASKX,-4.77582,-9.22656,1.42805
FAPTX,-0.901639,-2.657,1.42617
FLUTX,-5.61865,-6.77098,1.42563
RDDTX,-0.900164,-2.65273,1.42379
VWNDX,-4.66672,-7.7265,1.42231
VTHRX,-1.72236,-4.10084,1.42198
AADTX,-0.817661,-2.64848,1.4214
LPVRX,-3.91597,-6.01687,1.42003
LPVAX,-3.70934,-5.89371,1.42003
FCIBX,0.859417,-5.46605,1.41975
FMCKX,-10.6482,-11.9526,1.4188
FCAGX,5.70283,-6.45115,1.41744
ORNAX,4.33814,4.81229,1.41546
FBMKX,-10.6236,-11.9253,1.41509
FADCX,2.41096,-7.10736,1.41075
LINKX,-1.26872,-3.37249,1.40845
LINIX,-1.30121,-3.37843,1.40721
PATFX,2.89905,3.13524,1.40526
RAICX,-2.166,-3.67497,1.40515
VNYUX,3.67209,3.77515,1.40408
CGNEX,-2.08473,-3.67983,1.40406
GAIBX,-2.47057,-3.80837,1.40406
MAPYX,3.47078,3.52842,1.40235
FDIBX,2.3952,-7.11112,1.40162
MDPYX,3.4554,3.43158,1.40049
RRTNX,-1.40966,-4.36736,1.39975
STLEX,-3.2285,-5.50152,1.39941
ORRCX,3.13187,3.47724,1.39846
VTWO,-4.76489,-9.14285,1.39668
MDSKX,-4.99187,-9.32538,1.39059
VNYTX,3.61926,3.73977,1.38687
NJTFX,2.79563,3.35163,1.38537
FERCX,-9.21397,-13.9301,1.38503
FATWX,-1.4433,-4.51415,1.38099
BDBKX,-4.75194,-9.25099,1.38001
BSD,3.22503,7.41554,1.37483
MSPYX,3.41104,3.45064,1.37359
MEPYX,3.32055,3.45123,1.37359
FERBX,-9.24627,-13.923,1.37346
LPRPX,-3.85313,-6.00362,1.37212
PRFHX,3.14377,3.28593,1.37209
LPREX,-3.4533,-5.56356,1.37156
PRDSX,1.68958,-7.33978,1.37093
LPHRX,-3.79021,-5.86194,1.37091
RWIGX,-2.56328,-6.20433,1.35976
IAXIX,0.814217,-5.64224,1.35528
OSCYX,-6.19105,-9.72834,1.35497
IAXTX,0.501547,-5.76434,1.35417
RCDTX,-1.23457,-2.83401,1.35135
TRRWX,-0.816966,-3.81732,1.35097
PRCNX,-0.31494,-5.7842,1.35017
OSSIX,-6.038,-9.6492,1.3487
RBEDX,-1.1466,-2.89622,1.34341
OEGYX,5.7026,-4.27633,1.34256
RPICX,-0.115115,-5.61726,1.33907
MXGBX,-3.66777,-4.33502,1.33657
RWIFX,-2.6183,-6.21707,1.3364
RPGAX,-0.745443,-4.23277,1.33615
FTAEX,-0.399795,-7.35716,1.33586
PRINX,3.00516,3.24659,1.33543
FCTGX,5.41051,-6.61187,1.33505
OCAYX,3.70575,4.07927,1.33479
OEGIX,5.8978,-4.20274,1.33467
FLUBX,-6.06239,-6.99301,1.33333
GAITX,-2.53181,-3.86356,1.3302
RGNBX,-2.53166,-3.86356,1.3302
CGNCX,-2.60258,-3.88342,1.32916
RGNAX,-2.51559,-3.83956,1.32812
FBASX,-2.52886,-5.41655,1.32535
CGNBX,-2.53633,-3.90212,1.32502
LINAX,-1.57096,-3.45108,1.31926
FCASX,-2.44111,-5.37413,1.31709
BKT,4.74159,3.45695,1.31484
WGIFX,-2.6826,-6.25644,1.31457
FDYIX,-0.930587,-3.59912,1.31422
MCPYX,2.96983,3.29905,1.31261
LPHCX,-4.24917,-6.10832,1.30971
FTF,-5.28396,-5.57147,1.3096
BATPX,-2.71399,-3.21911,1.30435
VPALX,3.54056,3.60155,1.30256
OGRIX,-4.34033,-5.86722,1.30232
PAIMX,2.78882,3.14214,1.30149
FTTWX,-1.73168,-4.58365,1.29765
OEGAX,5.45464,-4.4101,1.29759
BNMLX,3.17565,2.85337,1.29636
IAXSX,0.566614,-5.78831,1.29482
VPAIX,3.45152,3.56579,1.29386
CWIFX,-2.75031,-6.30696,1.29331
BIPGX,-3.50379,-5.73543,1.29225
CWGIX,-2.86905,-6.34865,1.29062
FCBGX,4.93825,-6.80941,1.28908
LPRKX,-3.66082,-5.63998,1.28882
FLUEX,-6.07986,-7.02238,1.2888
ORNCX,3.44863,4.34316,1.28843
TRRBX,-1.05969,-3.75384,1.28671
OPCAX,3.40963,4.07953,1.28576
FZAIX,3.887,-5.3474,1.28245
LPVCX,-4.3335,-6.20004,1.28205
RBDTX,-1.49378,-3.02288,1.27986
TZEMX,-13.9365,-12.4981,1.27899
MANLX,3.07287,2.80664,1.27831
RADTX,-1.65426,-3.01794,1.27768
ORNBX,3.42017,4.45628,1.27734
RWIEX,-2.88786,-6.3664,1.27021
CCDTX,-1.64474,-3.07942,1.27011
LPCPX,-4.33863,-6.21482,1.27001
CWGFX,-2.92341,-6.37354,1.26991
FSNIX,-1.29201,-4.23335,1.26946
BBDTX,-1.56122,-2.99595,1.26796
PAKRX,-1.0883,-3.91924,1.26244
MDNLX,3.00389,2.72852,1.25857
OSCNX,-6.7407,-9.87308,1.25752
IAXAX,0.412446,-5.85303,1.2513
FIADX,3.74486,-5.39953,1.25112
PRNYX,3.19971,3.37364,1.25069
PARBX,-1.25739,-3.87185,1.25052
CGRYX,-4.5463,-5.98568,1.24872
LPJKX,-2.66098,-4.81381,1.24805
CWIAX,-2.98171,-6.40883,1.24798
VTTVX,-1.45191,-3.49525,1.24301
BNMSX,2.89619,2.7145,1.24208
PAFGX,-0.934577,-4.33213,1.24164
MFPYX,2.57762,3.11322,1.23979
FCCGX,4.86525,-6.87466,1.23579
FCTWX,-2.19121,-4.80248,1.23558
FTTEX,-0.628204,-7.42286,1.22922
RECTX,-0.431779,-2.03908,1.22915
BROIX,-0.811583,-7.65446,1.22753
FBTWX,-2.14082,-4.835,1.22449
QIVIX,-0.721379,-7.45488,1.22295
CTHFX,-1.03586,-3.42146,1.22249
FSANX,-1.25959,-4.20448,1.21121
NYAFX,2.59787,3.00132,1.20907
OSCAX,-6.503,-9.83206,1.20891
FTCEX,-1.04987,-7.48466,1.20805
BJZ,-0.0437709,1.98444,1.20701
RWICX,-3.18357,-6.48683,1.20538
CWIEX,-3.18433,-6.49575,1.20315
PRITX,-1.722,-9.23258,1.19907
FDASX,-1.16398,-3.72681,1.19904
FTBEX,-1.17035,-7.65492,1.1984
FAIDX,3.42334,-5.53835,1.19137
TAEMX,-14.2034,-12.5598,1.19092
TDF,-11.1441,-11.8647,1.19035
NYAEX,2.47386,2.95296,1.19013
NYAAX,2.47329,2.93369,1.19013
LPJAX,-3.22548,-5.12573,1.18765
MAPCX,-2.88031,-11.6907,1.18674
LPJRX,-3.40767,-5.13361,1.18577
LPJIX,-3.0422,-5.04115,1.18577
FDIFX,-1.18889,-3.97301,1.18483
QIVYX,-0.906377,-7.53738,1.18347
OEGNX,5.16017,-4.52643,1.18219
LPCKX,-4.14352,-5.9064,1.17856
RWBEX,-3.30019,-6.58134,1.17701
ORMYX,0.0131027,0.464625,1.17174
CGRWX,-4.75654,-6.08672,1.16867
MBNLX,2.52692,2.51425,1.16695
MCNLX,2.40411,2.49478,1.16655
BFO,2.2918,2.78109,1.16479
BROAX,-1.03877,-7.73439,1.16363
RRTBX,-1.51393,-4.00547,1.16124
PRFEX,-1.68064,-9.27686,1.15874
OCACX,2.76387,3.75233,1.15534
CGRNX,-4.98626,-6.17322,1.15416
RDCTX,-0.78125,-2.14041,1.15044
CTHEX,-1.52,-3.60219,1.15037
QGRIX,0.729065,-4.58138,1.14975
OCABX,2.62905,3.60762,1.14975
IVOG,0.79916,-5.74923,1.14952
AACTX,-0.780572,-2.13858,1.14943
QIVAX,-1.13413,-7.65392,1.14875
FBCTX,-0.607639,-2.13675,1.14841
LIBKX,-0.997198,-2.84017,1.1474
CTHAX,-1.27694,-3.51014,1.14473
RRCTX,-0.4329,-2.04429,1.14336
OYMIX,-1.48285,-3.62647,1.14177
FSWTX,2.7394,3.44808,1.14116
PAITX,-1.8645,-9.29635,1.13699
TRRVX,-0.780249,-3.48069,1.13659
FTADX,3.18173,-5.66243,1.12889
MFNLX,2.30896,2.4085,1.12884
FMFEX,-11.114,-12.1351,1.127
FSATX,-1.81602,-4.42268,1.12581
MDPCX,-3.1038,-11.7903,1.12288
IMASX,-1.65994,-9.28918,1.12269
BGORX,-1.38282,-7.88579,1.1194
MXMGX,4.39341,-3.80547,1.11907
VTWV,-8.70397,-9.64262,1.11722
FDTFX,-1.62883,-4.15408,1.11554
GTFBX,3.19126,3.1816,1.11466
FDAFX,-1.48455,-4.07855,1.11465
NYABX,1.90188,2.74075,1.1145
OEGBX,4.72145,-4.7562,1.10793
FHJMX,3.36297,-5.87212,1.10714
FSABX,-2.18544,-4.60062,1.10551
FIRFX,-0.5969,-3.72945,1.10185
FSODX,2.50497,3.34492,1.10092
FDCSX,-1.86984,-4.01044,1.0989
OEGCX,4.68609,-4.78867,1.09806
QGRYX,0.539099,-4.62611,1.09583
QIVNX,-1.38347,-7.78924,1.09522
RWIBX,-3.56154,-6.6823,1.09455
CWGCX,-3.64969,-6.71719,1.09378
RWIAX,-3.61864,-6.69861,1.092
FMPIX,2.85766,3.12932,1.09088
PRISX,-1.23413,-8.11128,1.09032
CWGBX,-3.58463,-6.70118,1.08671
FDBSX,-1.84784,-3.96462,1.08565
TEFEX,3.05804,3.15265,1.08323
FDTSX,-1.39873,-3.85539,1.08303
OROHX,2.47421,3.17375,1.07913
OIRGX,-0.346152,0.973116,1.07742
FCMTX,2.83074,3.12318,1.07494
RRITX,-2.31591,-9.49341,1.07274
PRVAX,3.00972,3.04997,1.07248
VSMGX,-1.15691,-2.92302,1.07158
OROYX,2.5078,3.17748,1.07059
OGRYX,-0.472823,0.953718,1.0682
CWICX,-3.70037,-6.75326,1.06704
CWIBX,-3.71222,-6.75358,1.06383
FAOTX,-0.782609,-2.14408,1.06289
OGRAX,-0.718513,0.852173,1.06214
TAFTX,2.94153,3.09412,1.06036
PATAX,2.39892,2.73348,1.06014
LIBIX,-1.11636,-2.93325,1.05914
FARFX,-0.835329,-3.84568,1.05886
FIIWX,-0.602383,-3.60862,1.05785
NYACX,1.72076,2.59645,1.05783
FMFAX,-11.3544,-12.2504,1.05641
MXTMX,4.16996,-3.95757,1.0551
VRTVX,-8.13716,-8.92259,1.05368
OAMIX,-1.67754,-3.65297,1.05364
CGRCX,-5.43934,-6.38289,1.04873
PAJRX,-1.05121,-3.5772,1.04824
ORMIX,0.00858417,0.343541,1.04815
FRA,0.637804,-3.15424,1.0473
IMISX,-1.87763,-9.32285,1.04586
FDCFX,-2.14979,-4.41065,1.04502
IMIOX,-2.21497,-9.48419,1.04334
TECFX,2.82506,3.04146,1.0432
VTWNX,-1.22936,-2.96756,1.04204
OSCCX,-7.23946,-10.1695,1.03986
FSCNX,-2.2943,-4.65392,1.03973
FAMUX,2.53788,3.01218,1.03949
ORMCX,-0.721748,0.138521,1.03797
VTMNX,-1.11399,-8.13973,1.03696
LPJCX,-3.90547,-5.40186,1.03668
FAHIX,2.54449,3.01054,1.03618
FDBFX,-2.0924,-4.37406,1.03586
FHJUX,3.0292,-6.01411,1.03284
FCMQX,2.93082,3.12937,1.03092
VTMGX,-1.21432,-8.1607,1.02963
TEAFX,2.81304,2.84391,1.02647
FIIVX,-0.622598,-3.51698,1.02459
QVGIX,0.285307,-4.75493,1.02345
VDVIX,-1.18317,-8.16021,1.01981
CGRBX,-5.46857,-6.4215,1.0195
VDY,-33.75,-39.7609,1.01873
FARWX,-0.839194,-3.72074,1.01742
FAIBX,2.07291,2.76765,1.01278
PRTAX,2.6191,2.76523,1.01238
LPSDX,-2.4574,-4.38125,1.01156
FCADX,2.65772,-5.88235,1.0037
PRSIX,-0.48333,-2.4164,1.00329
VDIPX,-1.09851,-8.13507,1.00255
FADDX,2.62594,-5.89681,1.00211
FITTX,-1.06271,-3.94899,1.00082
BROCX,-1.86846,-8.11756,1
FFVIX,-1.11209,-3.57995,1
MRPCX,-3.54984,-11.9994,0.998895
FURIX,-0.598662,-3.42215,0.997788
BIPKX,-3.98104,-6.97888,0.997009
AFTEX,2.68641,2.77248,0.995352
BLH,2.54319,2.61957,0.99207
OGRNX,-0.991172,0.713647,0.990948
CTHBX,-2.07337,-3.91236,0.986842
FCMAX,2.70429,3.02863,0.985121
RCCTX,-1.13438,-2.32759,0.980392
AFTFX,2.58395,2.73282,0.979797
VCADX,2.8634,3.03495,0.97963
RBEHX,-1.04348,-2.40137,0.976043
FASMX,-1.03558,-3.51084,0.975665
OBMIX,-2.35405,-3.98148,0.97371
LILAX,-1.39063,-3.09073,0.971731
QGRNX,0.0333984,-4.85584,0.967783
TRRGX,-1.19609,-3.39915,0.966989
ONMIX,-1.96813,-3.86029,0.965251
VCAIX,2.77578,2.991,0.962449
FHJVX,2.72202,-6.1542,0.956924
FTRWX,-1.08245,-3.83518,0.955211
PRIHX,2.86514,2.41644,0.954528
FEMIX,3.17452,3.01274,0.952501
OROCX,1.62513,2.84921,0.950235
FSSMX,-4.2801,-8.16374,0.950223
OROBX,1.72339,2.84672,0.949284
FARVX,-0.861809,-3.63303,0.949266
FTGFX,-6.82026,-8.78722,0.948273
BIPLX,-3.61337,-6.64917,0.946074
OPAMX,3.14412,2.45425,0.942457
STLDX,-2.75456,-4.54547,0.938628
PRAHX,2.76479,2.46789,0.934903
TECBX,2.24535,2.77875,0.934652
VSEQX,-2.11443,-6.36526,0.929782
TECCX,2.19331,2.75542,0.92896
FFVTX,-1.57361,-3.85233,0.926706
PIEQX,-1.46033,-8.33344,0.925029
FFVAX,-1.42597,-3.76603,0.92437
QIVCX,-1.92431,-8.00241,0.924092
FURAX,-0.883719,-3.55668,0.923545
FNMAX,2.94317,2.91877,0.921918
FNYPX,2.98665,2.92424,0.921244
MCPCX,-3.83836,-12.1435,0.917869
FMCCX,-4.5628,-8.20502,0.916561
ORMBX,-0.725278,0.136826,0.915301
FRASX,-0.6706,-3.36562,0.914552
BRPKX,-4.42308,-7.18954,0.913706
CTYCX,-2.09003,-3.94322,0.91135
FAMCX,1.82724,2.67579,0.909548
BAPKX,-4.31034,-7.15613,0.909091
QIVBX,-1.95584,-8.04734,0.909091
FTRVX,-1.09982,-3.73502,0.908782
MALOX,-1.60667,-4.7219,0.90842
VWIUX,2.56733,2.90569,0.905339
PARHX,-1.47545,-3.54754,0.902001
BIPHX,-3.82044,-6.67285,0.901804
RBCTX,-1.49385,-2.52174,0.90009
RACTX,-1.57756,-2.51736,0.898473
FCRFX,-1.17636,-4.17834,0.89811
FFIMX,-1.13691,-3.59051,0.897704
FGLIX,-1.18869,-2.98138,0.897623
FMFCX,-11.9941,-12.55,0.896658
CCCTX,-1.48342,-2.50432,0.893655
LPRDX,-3.00239,-4.60368,0.892857
FCMBX,2.15594,2.85691,0.892735
FMFBX,-12.0467,-12.566,0.891543
BBCTX,-1.47955,-2.49785,0.891266
VWITX,2.48765,2.86924,0.891089
QGRBX,-0.444368,-5.13253,0.887123
OCMIX,-2.37417,-4.01494,0.883219
FFAMX,-1.34613,-3.67125,0.882468
OPYMX,3.16833,2.41536,0.880783
FMCDX,-4.70122,-8.26459,0.878783
MDLOX,-1.82986,-4.81346,0.878095
FHJWX,2.20757,-6.3813,0.877199
FIIRX,-0.679399,-3.26075,0.877064
FARSX,-0.890805,-3.4646,0.875083
TGADX,-6.95701,-8.84172,0.874607
PRSMX,2.41104,2.73379,0.87393
TEBCX,1.96296,2.45574,0.871031
TEBFX,2.00205,2.45574,0.871031
FDESX,-6.68769,-8.47149,0.869904
FFTMX,-1.55138,-3.74541,0.868746
OGRCX,-1.48302,0.434641,0.864661
FURTX,-1.13042,-3.66415,0.864321
FCMKX,1.99299,2.7878,0.862389
FGLAX,-1.45852,-3.08518,0.857996
BAPLX,-3.98551,-6.85413,0.856327
BLLIX,-3.79404,-6.82415,0.852273
QGRCX,-0.456746,-5.10639,0.84977
FHJTX,2.20451,-6.37509,0.847168
FCRWX,-1.53602,-4.05561,0.845826
RRTMX,-1.692,-3.64335,0.843157
FFVBX,-2.05098,-4.08654,0.84246
FMCAX,-4.88897,-8.34138,0.839487
FDTOX,-6.96639,-8.58366,0.838444
TRMCX,-4.66078,-7.9836,0.836199
PAIRX,-1.10491,-3.22978,0.832403
BIPJX,-4.03509,-7.05183,0.829493
TEPLX,-7.17708,-8.94586,0.827837
FZACX,-6.74421,-8.4913,0.827486
TRRUX,-0.923234,-3.22119,0.82626
LPBKX,-2.24881,-3.85063,0.822368
FDTIX,-6.82132,-8.51618,0.819751
FNYBX,2.46517,2.66061,0.818286
FTRSX,-1.1601,-3.59579,0.818041
FIARX,-0.931112,-3.38089,0.81773
MDXBX,2.79092,2.65534,0.813948
FZIIX,1.84005,2.32173,0.813536
BAPHX,-4.14658,-6.84161,0.811359
FGOZX,-8.37504,-10.9805,0.811244
FRQIX,-0.697304,-3.15636,0.808326
LIMKX,-0.901898,-2.40873,0.802855
MRLOX,-2.18329,-4.98234,0.802145
TAMVX,-4.89487,-8.1003,0.80089
LPRNX,-3.25649,-4.75503,0.8
VTXVX,-0.915033,-2.38249,0.797872
VFSNX,-1.43787,-8.62508,0.794377
FCRVX,-1.28211,-3.96368,0.792644
FNYCX,2.22938,2.58358,0.787682
FTIRX,-1.15503,-3.47048,0.786895
VMVAX,-3.48554,-5.41083,0.77732
FGLTX,-1.72974,-3.23104,0.771681
TEGRX,-7.39004,-9.05625,0.767534
FRIRX,0.295144,0.519017,0.76657
FZIAX,1.60832,2.21592,0.765917
FRQAX,-0.93954,-3.27442,0.765765
FFVCX,-2.11607,-4.11955,0.764007
VFSVX,-1.59304,-8.67491,0.76379
PSILX,-2.15774,-8.93665,0.759194
TEGOX,-8.60708,-11.076,0.757581
BRPJX,-4.56989,-7.3107,0.756859
TEFFX,2.05855,2.50947,0.753059
FACFX,-1.30156,-3.28789,0.75188
FURCX,-1.30764,-3.89027,0.751335
BAPJX,-4.35943,-7.24763,0.749766
PAIFX,2.18837,2.63165,0.74776
FCIFX,-1.07168,-3.19234,0.747508
VOE,-3.46563,-5.38767,0.745831
OPCMX,2.33594,2.14921,0.741613
OPBMX,2.35134,2.14921,0.741613
RRMVX,-5.12603,-8.17289,0.741362
REJTX,-1.26582,-2.06278,0.738007
VMNVX,4.66465,-1.07778,0.735722
FRAPX,-0.704787,-3.01467,0.732379
LPCNX,-3.67493,-4.93804,0.732064
RIDGX,-3.99513,-4.29017,0.731305
TFVAX,1.94922,2.44816,0.729015
BTMKX,-1.82653,-8.51676,0.724309
FFBMX,-1.99791,-3.94522,0.723301
VEA,-0.825204,-8.13827,0.722295
VMVIX,-3.60521,-5.48177,0.721811
ORMAX,2.22641,2.56121,0.721542
FFANX,-0.784762,-2.80487,0.719382
VSTCX,-3.31148,-7.08885,0.71721
FVSKX,-3.44267,-8.79639,0.716874
FCRSX,-1.3105,-3.80877,0.715465
FRQTX,-1.16821,-3.37698,0.714515
LIQAX,-1.10997,-2.56738,0.714286
LIQIX,-0.936353,-2.4176,0.713012
BRPHX,-4.44444,-6.96143,0.712831
MAIIX,-1.92537,-8.53883,0.707805
AMEFX,-4.09436,-4.34118,0.707165
VMVFX,4.63609,-1.10722,0.706533
TEVFX,1.82793,2.39306,0.704971
BAPGX,-4.29389,-6.34921,0.702811
FMCBX,-5.48166,-8.60978,0.702419
ORYAX,2.14776,2.45245,0.701852
FMCEX,-5.40783,-8.59357,0.700332
BLGIX,-4.07197,-6.2037,0.695825
FDTEX,-7.3653,-8.78483,0.693786
PRSNX,-0.145169,-0.938525,0.69301
MBLOX,-2.59131,-5.19216,0.692117
MDEGX,-3.27344,-8.25787,0.690755
MAEGX,-3.03266,-8.16283,0.690755
FFCMX,-2.08367,-4.00265,0.683009
FASOX,-3.59868,-8.86821,0.68202
FGLBX,-2.21248,-3.45083,0.681968
FZITX,1.62906,2.22767,0.679959
FZIBX,1.11505,1.98102,0.679279
MCLOX,-2.56256,-5.17063,0.676926
FARPX,-0.936973,-3.12696,0.676519
TEGTX,-7.81705,-9.26906,0.674059
FIVQX,0.169695,-7.02674,0.672423
CSTAX,-1.48026,-2.68075,0.672269
FCFTX,-1.53051,-3.37892,0.670578
FRINX,0.0355492,0.361174,0.670233
CTSFX,-1.31255,-2.59109,0.669456
PRSAX,-0.317233,-1.02021,0.664301
FFNAX,-1.06835,-2.94801,0.663659
ONJYX,-0.130415,1.70638,0.66294
FFNIX,-0.832288,-2.86009,0.662156
LPBAX,-2.78464,-4.0902,0.657354
FICRX,-1.36699,-3.71376,0.657144
LPBIX,-2.51662,-3.99521,0.656276
FAKTX,-1.63785,-2.34869,0.651769
RDBTX,-1.54545,-2.25632,0.650558
AABTX,-1.54405,-2.25428,0.649954
FBBTX,-1.36364,-2.16411,0.649351
TREBX,0.789099,-0.933352,0.647585
RFJTX,-1.27042,-2.15827,0.647549
FGLCX,-2.24242,-3.49684,0.644745
ORSYX,1.99699,1.48388,0.643771
ONJAX,-0.255331,1.65373,0.642148
MREGX,-3.6245,-8.43967,0.641308
FDTCX,-7.7932,-8.98855,0.63897
FSOAX,-3.8237,-8.96632,0.635658
AEPFX,-1.10709,-8.36457,0.628252
RERFX,-1.04299,-8.3399,0.627708
RERGX,-1.02063,-8.33005,0.626894
FDTBX,-7.80817,-8.94483,0.625938
PARAX,-1.53931,-3.12915,0.624655
OLCAX,0.50023,1.56936,0.622081
FTRPX,-1.19882,-3.25114,0.62067
OLCYX,0.624493,1.65953,0.620149
OPNYX,3.73995,3.4738,0.618256
FFNTX,-1.34458,-2.99848,0.618227
FMMLX,-6.54904,-8.31376,0.618209
TRRAX,-1.31075,-3.00569,0.617661
BIPEX,-2.95276,-5.55556,0.612245
TEGPX,-9.29018,-11.3628,0.611791
VSCGX,-0.492431,-1.45606,0.611451
FRQCX,-1.39375,-3.59781,0.60879
TMMFX,1.79741,2.14752,0.607816
BRPGX,-4.51489,-6.49106,0.607287
TEVBX,1.26007,2.13624,0.602913
FIOIX,-0.715227,-2.84485,0.598857
TEVCX,1.21183,2.11181,0.596913
ORCAX,1.4005,2.14745,0.595347
FBATX,-1.55189,-2.2158,0.594648
ORBAX,1.49369,2.14323,0.594178
RFTTX,-1.45208,-2.11538,0.592885
REATX,-1.5444,-2.20518,0.591716
CTSEX,-1.73267,-2.77551,0.591216
FCFCX,-1.99912,-3.64078,0.591216
VEXRX,-4.8982,-10.7739,0.590692
CEUFX,-1.20224,-8.41791,0.590164
ORSTX,1.67035,1.34785,0.589859
FASPX,-4.00835,-9.05097,0.588998
TMMDX,1.70116,2.10226,0.588735
AEPGX,-1.31719,-8.45487,0.584671
FCFBX,-2.03053,-3.67706,0.584307
MDIIX,-2.14922,-8.65244,0.583567
VPGDX,-1.113,-3.63735,0.583451
LPBRX,-2.96798,-4.18113,0.574713
FIVMX,-0.178242,-7.12638,0.574187
REREX,-1.3417,-8.4722,0.573567
ONYYX,3.98711,3.58307,0.572719
DSU,-4.08791,-5.84219,0.572259
FRIQX,-0.000486923,0.34313,0.571863
TMDFX,1.5922,2.05053,0.569656
ORAZX,-1.56827,0.801593,0.566682
OPCYX,1.37836,2.05439,0.564112
MBEGX,-4.14444,-8.63219,0.56344
RCJTX,-1.82815,-2.45232,0.561798
VEXPX,-5.0292,-10.8256,0.561152
RBEJX,-1.81984,-2.52936,0.55918
VSS,-1.19493,-8.28332,0.558242
FIOAX,-0.937508,-2.94748,0.558045
ORYZX,-1.57981,0.791364,0.556481
TRRTX,-1.02188,-2.90292,0.555091
CEUAX,-1.39455,-8.5009,0.546926
TXEFX,1.99484,1.9299,0.54659
FZICX,0.797488,1.89273,0.544738
AEGFX,-1.36606,-8.49505,0.543951
VBK,-3.42631,-9.37006,0.541804
VGRNX,-2.22,-5.79311,0.541116
VCVLX,-11.7392,-15.3301,0.527553
TAGBX,-3.25625,-7.54814,0.526466
RPGMX,0.19207,-0.908468,0.524587
TINCX,-2.92488,-7.22876,0.524476
FFAVX,-1.13724,-2.6936,0.521739
CFTAX,-1.52801,-1.77815,0.519931
BRPEX,-3.58209,-5.8309,0.518672
VGRLX,-2.25723,-5.80435,0.518635
FFIVX,-0.980657,-2.67559,0.518135
CTFFX,-1.35593,-1.68919,0.518135
BAPEX,-3.37302,-5.80271,0.515996
FCRPX,-1.39518,-3.47405,0.515791
BIMPX,0.515464,-2.41868,0.515464
FIOTX,-1.17708,-3.06768,0.515138
ONJCX,-0.999807,1.337,0.512711
ONJBX,-0.995219,1.33452,0.512014
RRTAX,-1.77786,-3.21096,0.511698
BLEIX,-3.14961,-5.65676,0.510725
CTSCX,-2.15232,-2.95567,0.510204
CTSBX,-2.14521,-2.94599,0.508475
CEUEX,-1.62162,-8.59783,0.508063
ICHHX,-8.12065,-4.80769,0.507614
TEPAX,1.74842,1.81669,0.506138
TEPFX,1.67575,1.72322,0.505954
VSGIX,-3.41536,-9.4037,0.503101
FFNBX,-1.80335,-3.27755,0.502834
RCATX,-2.04479,-2.42483,0.4995
VSGAX,-3.44396,-9.43113,0.497755
RBEAX,-1.94175,-2.41546,0.497512
FAATX,-1.84287,-2.3166,0.496524
RDATX,-1.84287,-2.3166,0.496524
AAATX,-1.74588,-2.31437,0.496032
FIVPX,-0.506762,-7.32452,0.495703
MCEGX,-4.02045,-8.62517,0.489719
BDHIX,-3.12202,-5.57107,0.48948
RERCX,-1.62408,-8.60994,0.48662
OPIYX,-0.824738,0.942458,0.486569
FIVOX,-0.890302,-7.45921,0.486219
VASVX,-4.9753,-7.61578,0.485078
TFSCX,0.550381,-7.57221,0.48263
OPNCX,1.33227,2.05401,0.481228
REEBX,-1.68444,-8.62069,0.479412
FASBX,-4.57498,-9.31293,0.475766
RLLGX,2.04171,-9.07668,0.475577
VTIFX,1.17179,2.5822,0.474978
VISGX,-3.55538,-9.48856,0.474074
RAJTX,-2.30415,-2.66299,0.473934
RBJTX,-2.20791,-2.56645,0.47259
RSLFX,2.0213,-9.08387,0.470886
CCBTX,-2.28311,-2.63876,0.469484
BBBTX,-2.18978,-2.54545,0.468604
VGAVX,1.33846,-1.14894,0.468041
OLCCX,-0.296695,1.22555,0.467486
VTABX,1.14379,2.57688,0.467272
VB,-4.50645,-8.54995,0.465627
BUI,-14.6555,-7.45512,0.463437
VTIBX,1.07713,2.51791,0.462535
PAHRX,-1.30236,-3.0056,0.461749
TEMBX,1.00516,1.78604,0.461675
VXF,-4.20605,-8.91238,0.459702
FFNCX,-1.82566,-3.2525,0.457844
TGESX,-4.55416,-8.9957,0.457666
TRRFX,-1.24242,-2.81238,0.45763
FVCSX,-4.53952,-9.28532,0.457494
TEMCX,0.960588,1.76027,0.455332
ORSCX,0.939274,1.02226,0.455317
LIRKX,-0.69003,-1.87355,0.452899
FZAMX,-2.42201,-7.83769,0.450991
FOMIX,2.45436,2.63902,0.447379
VGOVX,1.19127,-1.26307,0.44687
FRNIX,-0.691128,-2.58805,0.444467
CTOFX,-0.351185,-0.351185,0.442478
OPITX,-1.19597,0.710736,0.442101
ORBZX,-2.27595,0.486539,0.439413
ORCZX,-2.28303,0.476624,0.439356
BVEAX,-6.97674,-9.80392,0.436681
FFTVX,-1.36484,-2.86195,0.435161
CTFEX,-1.78571,-1.86916,0.434783
SMCFX,1.93322,-9.12652,0.432903
VGIVX,1.31443,-1.17589,0.426192
FIIMX,-2.55266,-7.91586,0.424031
FIVNX,-0.813099,-7.41796,0.422122
OLCBX,-0.347855,1.15416,0.421741
VTENX,-0.531313,-1.5032,0.421452
TFEQX,-3.33477,-9.41891,0.416879
CSPFX,1.81778,-9.1754,0.415387
FRIOX,-0.742384,0.00508208,0.41496
AEGBX,-2.03648,-8.78926,0.413129
LPBCX,-3.50779,-4.43152,0.412882
FOMAX,2.23883,2.5449,0.410743
LPSCX,-2.03521,-3.3659,0.403497
RBATX,-2.44858,-2.6393,0.403226
RERBX,-2.02968,-8.79724,0.402595
STLCX,-2.25793,-3.4493,0.402414
CCATX,-2.43902,-2.62902,0.401606
FRNAX,-0.927277,-2.70797,0.400768
AEPCX,-2.06208,-8.79321,0.400534
NAESX,-4.64326,-8.65022,0.400074
ONYCX,2.89348,3.05905,0.40003
BBATX,-2.42954,-2.61882,0.4
VSMAX,-4.54388,-8.61804,0.39993
VSCIX,-4.53867,-8.61304,0.39993
BIGPX,-0.867508,-4.3379,0.399361
TEPCX,1.00494,1.42854,0.395243
TEPBX,1.03201,1.38329,0.394034
FIOCX,-1.42421,-3.28522,0.392967
SMCWX,1.70279,-9.21831,0.392929
PRFFX,-14.3813,-12.1281,0.392156
ONYBX,2.85549,3.03026,0.390242
VIEIX,-4.26001,-8.85057,0.386142
RRTLX,-1.69994,-2.96881,0.384993
ICPHX,-8.31382,-4.97573,0.384615
RERAX,-2.06639,-8.80245,0.383051
PARGX,-1.47588,-2.89834,0.381605
VEXAX,-4.27913,-8.86877,0.381369
CEUCX,-2.12161,-8.82233,0.381332
TCINX,-3.65184,-7.7793,0.379141
SCWFX,1.67485,-9.24855,0.374775
TRARX,-1.12907,-2.49846,0.374673
RSLEX,1.69303,-9.22648,0.373795
TRROX,-1.12321,-2.57596,0.373498
FTINX,-0.514119,-2.16165,0.366417
TFESX,-3.47473,-9.4906,0.364009
LIRAX,-0.990108,-2.03376,0.362319
LIRIX,-0.813615,-1.88257,0.361991
LPRCX,-2.50125,-3.5514,0.359971
RINFX,-3.08599,-3.79165,0.357782
CTOEX,-0.792254,-0.529568,0.356189
CTOAX,-0.615114,-0.527704,0.354925
FIIAX,-2.85022,-8.03806,0.35429
CEUBX,-2.1561,-8.8572,0.353826
CSPAX,1.60606,-9.26295,0.352501
BHK,2.70443,4.00516,0.352001
OPCCX,0.618373,1.7335,0.351535
OPCBX,0.618373,1.7335,0.351535
CTFCX,-2.30572,-2.13858,0.350877
FCFVX,-1.93126,-3.12236,0.34965
CCFBX,-2.29787,-2.13129,0.34965
VEXMX,-4.41026,-8.9213,0.347922
FFBVX,-1.86045,-3.10142,0.347222
VBR,-5.57698,-7.90513,0.34701
FRNTX,-1.16824,-2.81032,0.34473
FCVIX,-2.03886,-4.72481,0.342937
RIRGX,-3.59616,-4.44181,0.341846
VSIIX,-5.52399,-7.88125,0.339847
BDHAX,-3.37043,-5.67333,0.336486
VSIAX,-5.52089,-7.90539,0.332381
LTBYX,-0.654754,-0.209361,0.33223
LTNYX,-0.976842,-0.310462,0.33223
BEAVX,-7.18623,-9.92141,0.328228
RSEBX,1.52453,-9.36884,0.327515
CAIFX,-3.69344,-4.4713,0.323976
RIRFX,-3.64494,-4.46924,0.323743
BAGPX,-1.19522,-4.46841,0.323625
RSLCX,1.39173,-9.36162,0.316027
CSPEX,1.36643,-9.36673,0.315526
VTINX,-0.452183,-1.17299,0.315457
OITCX,-1.93166,0.382123,0.310874
OPATX,3.56875,3.15408,0.306985
CIRFX,-3.74604,-4.51681,0.305862
FITIX,-3.06368,-8.1394,0.305191
RAATX,-2.53165,-2.72109,0.300601
FCVAX,-2.24471,-4.81451,0.297516
CAIBX,-3.86109,-4.56533,0.287822
FTANX,-0.527353,-2.22078,0.286339
QSCIX,-7.79867,-10.005,0.282468
PCBAX,-1.31944,-3.98649,0.282287
PCBSX,-1.38793,-4.05132,0.282287
PANRX,-1.40941,-2.68508,0.280718
PBAIX,-1.03806,-3.89785,0.280505
PAERX,-1.40574,-2.76629,0.278031
RIREX,-3.91655,-4.59504,0.269878
CIBFX,-3.93423,-4.59937,0.269836
LPRMX,-2.7484,-3.70025,0.269542
INPAX,-3.42465,-3.94378,0.268817
RNBEX,-3.2764,-3.91789,0.268817
CIPFX,-3.24858,-3.90593,0.268577
RINGX,-3.12995,-3.8595,0.268336
INPEX,-3.21214,-3.81213,0.268336
TRECX,-0.885341,-3.78797,0.268115
VO,-2.83756,-6.16095,0.261354
BRMPX,-0.0867303,-2.86678,0.261097
BAMPX,0,-2.85235,0.25974
VISVX,-5.67498,-7.95755,0.255211
BIAPX,-2.7027,-6.2352,0.253165
CIRAX,-3.96195,-4.60793,0.251887
VIMAX,-2.86703,-6.21433,0.251886
VWETX,-2.19724,4.14455,0.251034
QSCYX,-7.97259,-10.0974,0.248395
VIMSX,-2.98577,-6.2504,0.24706
VMCIX,-2.86059,-6.2086,0.246527
BRGPX,-1.35891,-4.63679,0.243704
VWESX,-2.2629,4.12394,0.241094
OPAYX,3.60744,3.21332,0.240654
FCGBX,-4.01904,-8.00071,0.233207
TZINX,-3.0363,-7.70376,0.232641
FTTNX,-1.0906,-2.40898,0.231518
FRNCX,-1.31473,-3.0502,0.229878
FRIMX,-0.817617,-2.21804,0.226026
SCWCX,0.899366,-9.56428,0.217286
SCWBX,0.934803,-9.55756,0.214186
RSLAX,0.94675,-9.56318,0.211469
RSLBX,0.970644,-9.56318,0.211469
QVSCX,-8.19155,-10.1879,0.211047
FTAAX,-0.894684,-2.38027,0.210033
BDHCX,-4.14999,-5.98949,0.20875
FIICX,-3.53999,-8.33664,0.205465
FIIBX,-3.59543,-8.3867,0.205465
VSPMX,-3.24436,-7.41322,0.205083
LPCMX,-3.21364,-3.90384,0.20339
FCVTX,-2.52941,-4.98313,0.202433
RCEEX,-4.22996,-4.74412,0.198091
CIREX,-4.17204,-4.71767,0.197879
RIRCX,-4.2083,-4.74079,0.197879
BAPDX,-3.1339,-5.20446,0.196464
BLCIX,-2.93006,-5.08318,0.195122
BIPDX,-2.83286,-5.0738,0.194742
CSPCX,0.835719,-9.61045,0.189794
LPSAX,-1.63899,-2.65876,0.188857
CSPBX,0.806837,-9.61702,0.188675
FRAMX,-1.05762,-2.32127,0.184353
CTOCX,-1.32626,-0.888099,0.179533
CIPEX,-3.72799,-4.11012,0.179372
RNCCX,-3.73565,-4.1015,0.179372
CIPAX,-3.51213,-4.06409,0.179211
INPFX,-3.46695,-4.03481,0.179051
RINEX,-3.44214,-4.02619,0.179051
CTOBX,-1.32042,-0.884173,0.178731
BAAPX,-3.06545,-6.4,0.171233
BCGPX,-1.85934,-4.85893,0.165017
PREMX,-0.268495,-2.06684,0.158564
LTEFX,1.2759,1.29133,0.157469
PACEX,-0.97729,-3.82184,0.153425
FRJIX,0.349004,-0.145641,0.15151
IIGGX,-8.05629,-9.70129,0.150376
FIRIX,1.19885,-3.57467,0.150225
QSCNX,-8.41293,-10.2935,0.146425
BRBCX,-1.91898,-4.29958,0.145138
FISHX,0.830312,1.06896,0.141015
FRTMX,-1.27987,-2.43425,0.140898
VASIX,0.0474088,-0.0438029,0.135962
FCVCX,-2.96457,-5.15498,0.132508
LTEBX,1.16153,1.24034,0.132268
CIBBX,-4.55246,-4.89575,0.125491
LTXFX,1.06019,1.19575,0.119678
FTSHX,0.631786,0.888635,0.112806
QOPIX,2.49144,-0.106105,0.111371
RIRAX,-4.61552,-4.93382,0.107917
RIRBX,-4.58802,-4.92872,0.107917
CIBCX,-4.61905,-4.93387,0.10784
FCANX,-1.66191,-2.66528,0.104856
LPRAX,-2.15998,-2.77998,0.104712
FASHX,0.611769,0.8681,0.103183
BRPDX,-3.4384,-5.33708,0.0990099
RPLCX,-2.66916,2.14093,0.0974836
QOPYX,2.33347,-0.157035,0.0974834
LPRRX,-2.37641,-2.97506,0.0947867
FTBNX,-1.70426,-2.67684,0.0947019
STLAX,-2.00209,-2.72845,0.094162
FBSHX,0.0664794,0.698066,0.0938309
FRJAX,0.103879,-0.268954,0.090505
CIRCX,-4.68662,-4.97289,0.0899586
CIPCX,-4.20275,-4.33569,0.0899281
INPCX,-4.04602,-4.21927,0.0899281
INPBX,-4.13459,-4.3246,0.0896861
BCMPX,-0.782609,-3.14092,0.0877193
OIMBX,-2.0921,0.209505,0.0876768
PEXMX,-4.32726,-8.92481,0.0834614
OPACX,2.72709,2.83711,0.0781453
OPABX,2.71237,2.82168,0.0779958
BISIX,-2.36169,-11.0333,0.0769506
ISGGX,-8.31036,-9.82974,0.0747943
FIAFX,-0.917192,-1.93079,0.0726397
VMLUX,1.09584,1.02334,0.0725503
CIRBX,-4.68916,-4.97966,0.0717507
BPK,-0.75669,1.97454,0.0702575
FCVBX,-3.08954,-5.22607,0.0671614
VMLTX,1.02243,0.986605,0.0543892
FTAWX,-0.842533,-1.64239,0.0505706
FRKIX,-0.0627914,-0.883952,0.0503405
FASIX,-0.618183,-1.56602,0.0491323
FTFAX,-0.517501,-8.35168,0.0484553
IVOO,-3.42181,-7.5655,0.0482133
FRJTX,-0.0586899,-0.370928,0.0472838
FAFAX,-1.13839,-2.0277,0.0449636
QVOPX,2.0606,-0.294363,0.0407234
FTIWX,-0.666406,-1.59194,0.0393836
OFIIX,-0.957164,-0.172358,0.0347004
BREAX,-2.6393,-11.1772,0.0334717
BRESX,-2.60954,-11.1666,0.033094
QSCBX,-8.85086,-10.5137,0.0268285
QSCCX,-8.8623,-10.5011,0.0268006
FINEX,-0.732098,-8.47396,0.0199336
FTAFX,-1.3304,-2.11198,0.0170945
OFINX,-1.59997,-0.46579,0.0158358
FRCMX,-1.7766,-2.6751,0.0120477
FILIX,-0.547903,-1.76142,0.00868521
FTWRX,-6.38586,-9.20814,0.00757838
LTXBX,0.478901,0.92232,0.00643662
LTXCX,0.44736,0.915957,0.00643662
MASPX,-7.68844,-9.82281,0.00418889
VWOB,1.27205,-1.72531,0.00317808
BGNIX,0.891583,1.1389,0.00169391
BGCAX,-0.483092,-1.81125,0
RNCAX,-4.18608,-4.32707,0
BGCIX,-0.385728,-1.80608,0
BLBIX,-2.48329,-4.40075,0
RINBX,-4.14549,-4.31025,0
VUN,-2.99856,-5.88235,0
BRCI,0,-40,0
CIPBX,-4.25731,-4.34179,0
IFTSX,-4.09205,-10.2506,0
ICGGX,-8.44848,-9.91942,0
ONTRF,0,0,0
IGGAX,-8.58105,-9.95712,0
BCAPX,-3.81033,-6.73235,0
CBIBX,-2.32394,-4.47658,0
IFTIX,-3.86535,-10.135,0
BBSOX,0.460743,0.150025,-3e-005
BISOX,0.441096,0.150175,-3.003e-005
FIRAX,0.90205,-3.70185,-0.000618657
OFIYX,-1.24483,-0.362615,-0.0036467
VWSUX,0.456345,0.323136,-0.00632239
VTPSX,-4.98401,-10.5898,-0.00688756
VNQI,-2.36235,-6.15946,-0.00945073
FACIX,1.26711,0.900932,-0.00954115
VTSNX,-5.0042,-10.5937,-0.0130355
FCSHX,-0.0839239,0.556938,-0.0188029
VWSTX,0.386488,0.285057,-0.0252911
PARIX,-1.82301,-3.32668,-0.0281105
FRKAX,-0.304869,-1.00597,-0.0285498
FCAFX,-1.83255,-2.38027,-0.0294237
FIRTX,0.571618,-3.85546,-0.0307449
FILAX,-0.789036,-1.86738,-0.0333875
QOPNX,1.82395,-0.426526,-0.0389295
OFIAX,-1.47298,-0.372271,-0.0416892
FAPAX,1.02176,0.79724,-0.0468565
TWDAX,-6.49218,-9.25805,-0.0474082
VTIAX,-5.03973,-10.6267,-0.0481211
MDSPX,-7.91653,-9.90582,-0.0483434
CIMBX,-5.5486,-5.30665,-0.05
FRJCX,-0.532726,-0.591519,-0.0517691
RMUYX,1.63783,2.52766,-0.0561885
TRRIX,-1.60614,-3.22988,-0.0566674
TEMWX,-6.72156,-9.32,-0.0588191
BIICX,-2.44741,-3.29432,-0.0628545
FRKTX,-0.546102,-1.1073,-0.0687635
RRTIX,-2.04856,-3.42786,-0.0687961
OFICX,-2.04967,-0.683569,-0.0697213
VGTSX,-5.06629,-10.6403,-0.0718034
PAIGX,-3.93858,-10.7179,-0.0732165
TRIGX,-3.71179,-10.6081,-0.0755293
OSDYX,0.410216,0.199919,-0.079976
OSDIX,0.410216,0.199919,-0.079976
MRSPX,-8.1722,-10.0025,-0.082147
RMUNX,1.47556,2.45774,-0.0833754
BICPX,1.13935,-1.28315,-0.0865801
BACPX,0.884173,-1.38289,-0.0875657
IFTAX,-4.28007,-10.3097,-0.0906618
ITFEX,-4.24734,-10.279,-0.0908265
FILTX,-1.0346,-1.9833,-0.0921416
LPCRX,-2.9467,-3.17472,-0.0951475
FTDWX,-1.17638,-1.84969,-0.0966602
BIPCX,-2.39234,-4.40487,-0.0979432
BGCCX,-1.26214,-2.21154,-0.0982318
MABAX,-7.48248,-10.4605,-0.0987973
AMECX,-4.98253,-5.14769,-0.0997407
RIDEX,-5.03877,-5.17382,-0.0999001
CIMFX,-4.89292,-5.12475,-0.09995
CIMEX,-5.25103,-5.25425,-0.10019
CIMCX,-5.58616,-5.34334,-0.100256
IFABX,-5.52189,-5.33641,-0.100306
BBGPX,0.914538,1.0399,-0.100391
FIRBX,0.182105,-4.07684,-0.101833
VFWSX,-5.35293,-10.7793,-0.103664
TROSX,-2.98279,-9.988,-0.107415
BAICX,-2.59336,-3.40567,-0.109631
OYCIX,-1.766,-2.41228,-0.112233
OACIX,-1.99115,-2.53025,-0.11274
ASTFX,0.285493,0.433765,-0.118077
VFWAX,-5.36124,-10.7946,-0.118147
FBFAX,-1.84862,-2.37807,-0.123703
PRFSX,0.962443,0.946151,-0.123931
ORVAX,-2.38159,2.21281,-0.124881
QOPBX,1.35478,-0.622661,-0.125148
QOPCX,1.35478,-0.622661,-0.125148
ASTEX,0.265768,0.414022,-0.127886
MBSPX,-8.64735,-10.2144,-0.130087
VFWIX,-5.48099,-10.8298,-0.13123
BRECX,-3.33812,-11.5018,-0.148309
RIDFX,-4.86407,-5.13894,-0.149621
CIMAX,-5.05977,-5.22557,-0.14985
ORVYX,-2.47689,2.07485,-0.149862
IFAFX,-5.093,-5.22803,-0.149925
RIDCX,-5.26435,-5.25873,-0.15008
RIDAX,-5.59298,-5.37667,-0.150381
FTCWX,-1.68233,-2.03012,-0.150456
RIDBX,-5.54082,-5.39015,-0.151062
IFACX,-5.56677,-5.40258,-0.151291
MDBAX,-7.7139,-10.5822,-0.153737
FSTTX,0.0787418,0.33498,-0.157368
FTBWX,-1.61152,-2.03316,-0.157951
BGPAX,0.581893,0.980061,-0.160342
BGPSX,0.473055,0.882817,-0.161548
LTBBX,-1.78506,-0.677775,-0.166124
LTNCX,-1.79008,-0.679993,-0.166678
FRKCX,-0.886553,-1.33315,-0.172042
PATIX,0.427729,0.606683,-0.177372
BREBX,-3.46903,-11.5185,-0.183016
VMGRX,-0.81322,-7.47673,-0.193568
BAPCX,-2.6975,-4.53686,-0.197628
BRPCX,-3.00679,-4.67112,-0.199601
FIRCX,0.169833,-4.11342,-0.206398
FILCX,-1.11299,-2.2069,-0.208278
ONCIX,-2.21729,-2.64901,-0.226244
RRIGX,-4.19986,-10.8491,-0.226253
MCSPX,-8.66567,-10.2654,-0.227175
FAVIX,0.419472,0.27643,-0.228332
OCCIX,-2.68456,-2.7933,-0.229358
BCICX,-3.26542,-3.61813,-0.230682
RMUCX,0.695801,2.08611,-0.232867
RMUBX,0.628511,2.08403,-0.233022
FMPOX,-6.33908,-9.26015,-0.233872
FCFSX,-1.5312,-8.8602,-0.237256
TEWTX,-7.37513,-9.67297,-0.245487
BDOKX,-6.37624,-11.0967,-0.252845
MRBVX,-8.01247,-10.7334,-0.255893
BDOIX,-6.43381,-11.1605,-0.25974
BDOAX,-6.6584,-11.1864,-0.260417
ORVCX,-3.1087,1.88763,-0.260569
TRBUX,0.319995,-0.260507,-0.260767
ORVBX,-3.12502,1.87208,-0.261775
BRCPX,0.532387,-1.56386,-0.264085
MELMX,0.0196386,0.158008,-0.265807
FAMMX,0.19974,0.180899,-0.26634
PRMDX,0.460692,0.287851,-0.267918
VOT,-2.25708,-7.10989,-0.282492
FSXIX,0.610489,0.0426763,-0.288309
FMPAX,-6.63505,-9.39373,-0.28918
BILPX,-2.60476,-2.02118,-0.293521
BGPCX,-0.128649,0.563071,-0.293823
IVOV,-7.88051,-9.45015,-0.294449
BALPX,-2.771,-2.04492,-0.296706
VUIAX,-7.14397,2.54827,-0.302116
VMBIX,1.3101,1.23231,-0.310652
BVDAX,-4.3956,-5.71429,-0.3125
BDAVX,-4.5,-5.81854,-0.313152
FASFX,0.43856,-0.0322404,-0.320332
FSFAX,0.438957,-0.0322857,-0.320674
FZAOX,-1.52107,-9.66091,-0.321032
MPLMX,0.266837,0.266936,-0.324919
MALMX,0.276702,0.266936,-0.324919
VMGMX,-2.35219,-7.1413,-0.32802
VMBS,1.54503,1.25903,-0.328983
CLDBX,0.80642,-0.114136,-0.331344
BSIIX,-0.535716,-1.20596,-0.334128
FMPTX,-6.84336,-9.51494,-0.334129
PRGMX,0.521125,0.667784,-0.334423
OBCIX,-2.76855,-2.87611,-0.340522
VMBSX,1.25894,1.23345,-0.341477
MDLMX,0.167684,0.217263,-0.344231
VPU,-7.17797,2.50521,-0.353353
BCCPX,0.0888889,-1.7452,-0.353982
VTRIX,-6.98759,-12.6717,-0.354367
FSCIX,-1.69101,-9.7326,-0.355832
VMGIX,-2.46546,-7.18832,-0.359077
BMCIX,-3.25051,-9.26853,-0.363971
MZA,6.71605,1.58206,-0.365156
MZA,6.71605,1.58206,-0.365156
RMMGX,0.641893,-0.149835,-0.370252
MBBAX,-8.57647,-11.0295,-0.373215
BASIX,-0.791926,-1.31491,-0.374228
MCBAX,-8.43916,-10.9386,-0.380818
RGBFX,-3.86218,-4.5138,-0.381938
RGBGX,-3.78642,-4.47022,-0.382081
GBLFX,-3.86839,-4.53343,-0.382213
FZAKX,-6.00772,-10.7529,-0.384363
OCIIX,-0.751781,-1.88567,-0.385589
BDMIX,-1.2273,-0.389535,-0.389535
RAMFX,0.581198,-0.289631,-0.39022
SBFFX,0.571113,-0.200021,-0.39022
MSUMX,1.2005,1.00187,-0.390336
OPIGX,0.308853,0.528017,-0.396457
PAELX,-14.8257,-11.0217,-0.398797
FMPEX,-7.2828,-9.67533,-0.400739
FLVIX,-6.12659,-10.8061,-0.402607
CFAMX,0.470627,-0.239925,-0.4102
PRMSX,-11.5329,-14.5635,-0.413135
VSTBX,1.27762,0.271303,-0.415079
VFIJX,1.13415,1.21505,-0.416711
CBFFX,-3.95121,-4.58164,-0.417101
RGGHX,-4.08003,-4.66315,-0.417395
FSCDX,-1.92491,-9.81771,-0.420853
PASHX,0.208267,-0.337836,-0.422265
IEMFX,-11.555,-14.5561,-0.423733
VEDIX,-3.04182,11.2464,-0.425682
PRPIX,-0.835689,0.0497882,-0.426656
MYC,8.00916,7.46202,-0.426675
FBSFX,-0.214592,-0.321543,-0.428266
BMPAX,0.921987,0.877675,-0.429448
RAMEX,0.339855,-0.300042,-0.430172
ASBAX,0.420221,-0.270043,-0.430172
CAAFX,0.349984,-0.299952,-0.430172
RAAEX,0.430154,-0.359597,-0.430172
VFIIX,1.0399,1.17713,-0.435399
FDEVX,-19.0005,-18.1774,-0.437318
TDADX,-19.1555,-18.2373,-0.437637
OCIYX,-0.946744,-1.98956,-0.438738
VEDTX,-3.08004,11.2382,-0.440061
ASBFX,0.309841,-0.309941,-0.440155
BRAMX,1.41603,1.19871,-0.440643
BCLPX,-3.34159,-2.30745,-0.441
BRASX,0.94925,-0.0825469,-0.446522
CNEFX,0.907441,0.542495,-0.447628
VSCSX,1.22579,0.235005,-0.447952
CNEAX,0.727273,0.362319,-0.449236
RGBEX,-4.06674,-4.61836,-0.451706
GBLEX,-4.12443,-4.6284,-0.451706
FMPBX,-7.36075,-9.72997,-0.451769
GBLAX,-4.08084,-4.64496,-0.451863
CBFAX,-4.13682,-4.63483,-0.45202
BMEAX,-3.63181,-9.46023,-0.455138
BFMSX,0.659324,-0.238545,-0.455264
VLTCX,-4.36136,1.75757,-0.457364
OUSIX,0.697713,-0.596443,-0.459004
FLSAX,-6.36127,-10.9112,-0.460966
VLCIX,-4.38787,1.75022,-0.466692
BMCSX,-3.62965,-9.45489,-0.467783
VSBSX,0.576113,-0.0594031,-0.475219
CMGAX,0.628373,-0.289502,-0.475267
VFSUX,1.02421,0.150055,-0.478709
VFSIX,1.04316,0.159498,-0.478709
RPSIX,-2.68518,-2.71596,-0.478767
VFIDX,1.35575,1.05325,-0.480464
CEAMX,0.0591799,-0.519829,-0.480537
OPBIX,0.628781,0.676064,-0.484637
RGBCX,-4.37663,-4.76466,-0.487296
FSCTX,-2.19921,-9.96388,-0.490232
RAMCX,0.0391904,-0.440236,-0.49051
FIXIX,5.06035,-6.41646,-0.490874
BVASX,-1.76298,-3.55769,-0.496032
VFSTX,0.938923,0.112347,-0.497466
FMSAX,1.0277,1.00504,-0.500707
VFICX,1.24215,1.00127,-0.500911
MFLMX,-0.799201,-0.201005,-0.501002
OPPEX,-1.18036,-2.11118,-0.501904
OPBYX,0.397871,0.486537,-0.502212
RMAGX,2.16414,1.64658,-0.502656
CMGBX,0.493768,-0.351766,-0.506732
BLDAX,0.358932,-0.372385,-0.506732
TEDMX,-19.3481,-18.3399,-0.508721
VEU,-5.40232,-10.8913,-0.513497
BSICX,-1.49012,-1.64257,-0.514941
BLDFX,-0.188655,-0.671085,-0.517361
EGF,-0.944783,2.4204,-0.517914
BDMAX,-1.44561,-0.520612,-0.520612
CBFEX,-4.35765,-4.76807,-0.521921
RMAFX,2.0743,1.61686,-0.522065
OUSGX,0.469507,-0.653216,-0.525484
CLDCX,0.327898,-0.434287,-0.527381
BLDCX,-0.229866,-0.691645,-0.527659
FIASX,4.66604,-6.54819,-0.529819
VEUSX,-2.71935,-8.3466,-0.529936
VEUPX,-2.67697,-8.32935,-0.530167
VESIX,-2.71635,-8.3538,-0.534184
FLSTX,-6.59293,-11.0208,-0.534263
FSFCX,-0.429646,-0.536481,-0.536481
TEEMX,-18.6453,-18.1077,-0.539084
CNEEX,0.455373,0.272727,-0.541028
VICSX,0.791792,0.738687,-0.542956
PRELX,-14.8668,-10.9814,-0.543987
FMSCX,1.20105,1.12497,-0.546147
BLDPX,0.22429,-0.485828,-0.548
MFAEX,1.80495,1.47776,-0.560843
RMAEX,1.86482,1.50752,-0.560843
BMPCX,0.315206,0.654847,-0.562744
TICPX,0.0834094,0.0187953,-0.562894
VEURX,-2.84131,-8.39972,-0.563895
OCINX,-1.4316,-2.26222,-0.571681
VSGDX,0.837968,0.231932,-0.572655
BCRAX,0.0503922,0.712972,-0.573612
BDMCX,-2.11622,-0.755534,-0.582789
VGSH,0.401484,-0.224785,-0.583082
OPBNX,-0.128592,0.247519,-0.587168
BLAIX,-2.4108,-3.89364,-0.589391
BIPBX,-2.3166,-3.89364,-0.589391
PRWBX,0.481994,-0.212139,-0.590316
GBLBX,-4.76589,-4.95988,-0.590483
VSGBX,0.744441,0.185422,-0.591127
RGBLX,-4.68522,-4.92305,-0.591719
TDMRX,-19.5643,-18.4424,-0.592593
EFIPX,0.668015,-0.175407,-0.592821
PFCPX,-0.119954,-0.0406521,-0.593079
CENFX,1.10999,0.501505,-0.595238
BAPBX,-2.62391,-4.02299,-0.595238
CBAMX,-0.344232,-0.72537,-0.595398
RAMAX,-0.354693,-0.726092,-0.59599
RAMBX,-0.354693,-0.726092,-0.59599
CENAX,0.909091,0.40201,-0.597015
BASVX,-2.05882,-3.75723,-0.597015
VXUS,-4.81661,-10.7117,-0.59722
FMGAX,0.895522,0.899259,-0.598749
CPPFX,0.823946,0.26082,-0.601871
FTISX,4.37336,-6.65044,-0.6035
AMSBX,-0.303207,-0.713207,-0.603622
OPECX,-1.8422,-2.45075,-0.604178
ASBCX,-0.364303,-0.635299,-0.605449
FSCEX,-2.67147,-10.2015,-0.611835
BCRIX,0.270138,0.761553,-0.612086
MFAFX,2.05393,1.59676,-0.618172
OPEBX,-1.81405,-2.37731,-0.61914
RRNIX,-0.437629,0.220924,-0.623122
FSCBX,-2.7188,-10.2105,-0.62387
CBFBX,-4.90286,-5.02806,-0.625438
FOMCX,0.344752,0.695254,-0.626161
GBLCX,-4.80054,-4.99135,-0.626734
RGBBX,-4.79364,-4.97799,-0.627181
CBFCX,-4.88499,-5.01305,-0.627834
FLSCX,-7.03661,-11.2184,-0.631881
PRCIX,-0.0288415,0.454656,-0.632944
FCBIX,-1.65137,-0.498792,-0.634636
CNECX,-0.0914077,0,-0.636364
FTBRX,0.327158,-0.36792,-0.638042
CMFFX,1.83528,1.43838,-0.638396
RMBEX,1.84501,1.44831,-0.638396
FMKAX,-0.978459,-3.28415,-0.638664
BMOAX,0.182017,0.885903,-0.640935
BMECX,-4.3473,-9.79718,-0.648378
FTEJX,-7.15793,-10.5872,-0.652488
FLCBX,-7.08691,-11.2571,-0.653595
FSSFX,-2.26051,-10.4144,-0.655056
OUSCX,-0.422731,-1.12052,-0.657633
MFAAX,1.69588,1.38882,-0.657762
WFBIX,0.497069,1.03558,-0.669992
RPPGX,0.883567,0.230013,-0.67164
OPBCX,-0.562622,0.0416126,-0.673979
OIGBX,-0.563742,0.0413929,-0.674955
TDMTX,-19.9103,-18.6305,-0.676692
PANIX,-0.260196,0.348757,-0.676797
CMFAX,1.63644,1.37905,-0.677063
FCBAX,-1.92014,-0.624025,-0.679321
BMOIX,0.428072,1.01556,-0.679828
PPEFX,0.904337,0.199944,-0.681486
RPPFX,0.843089,0.209874,-0.681595
BRMBX,-4.4147,-9.8313,-0.685958
VCSH,0.949959,0.0659774,-0.687023
FCBTX,-1.98964,-0.659794,-0.688278
MFABX,1.14356,1.17441,-0.688723
ORYYX,0.681291,2.92365,-0.689275
BRPBX,-2.91262,-4.12272,-0.695134
CCAMX,-0.45632,-0.7276,-0.697725
CENEX,0.707786,0.302115,-0.697906
OUSYX,0.42288,-0.673694,-0.697995
FMKIX,-0.74667,-3.19814,-0.699463
FICSX,3.90508,-6.84992,-0.700131
BCXIX,-2.07612,5.99251,-0.701754
QMAIX,-4.2415,-4.68888,-0.701866
VFIRX,0.617441,-0.0285499,-0.705899
VLGSX,-0.546968,6.60828,-0.70797
FIBSX,3.88997,-6.8726,-0.70944
VBLIX,-3.1914,3.0701,-0.710976
FMSBX,0.273028,0.613618,-0.713214
BSV,0.951378,0.0974994,-0.714946
CMFEX,1.39803,1.24034,-0.715834
FDIAX,0.335838,-0.359802,-0.716686
TZBRX,-15.2462,-19.3445,-0.716929
VBLLX,-3.19868,3.06237,-0.718421
VBITX,0.973682,0.0946018,-0.720074
VBIPX,0.983264,0.0946018,-0.720074
PPVFX,0.560866,0.099503,-0.721355
RPPEX,0.600964,0.0993106,-0.721444
ODIIX,2.36825,-8.70847,-0.723327
CNEBX,-0.0910747,0,-0.723982
VFISX,0.52356,-0.0658929,-0.724451
RMACX,1.49819,1.33045,-0.725363
BTHIX,-4.1041,-2.54323,-0.725389
VBIRX,0.944809,0.085034,-0.729552
FTEHX,-7.51543,-10.7737,-0.730126
PPVAX,0.561039,0.0994827,-0.731379
VBLTX,-3.29584,3.02399,-0.73327
FAEMX,-1.0525,-3.32977,-0.734572
FBEMX,-1.57133,-3.50936,-0.735307
VBISX,0.868015,0.0469245,-0.739001
QMAAX,-4.40877,-4.76936,-0.743899
FTEDX,-7.34803,-10.6929,-0.749944
CPPAX,0.490044,0.0387713,-0.752266
FIBBX,-0.310024,-0.665149,-0.752383
CLBBX,-3.36229,-3.8028,-0.753142
ODIYX,2.18944,-8.7891,-0.767514
FNBCX,-0.292838,-0.700539,-0.770426
ORMDX,0.587131,2.83795,-0.772431
MPHQX,0.272048,0.391623,-0.775771
PBDIX,0.146466,0.763546,-0.776006
RPPCX,0.279108,-0.0413984,-0.782066
CPPEX,0.309122,-0.0414489,-0.782116
BCYIX,-2.73038,6.24418,-0.78329
BCRCX,-0.614586,0.403603,-0.784426
RMAAX,1.33175,1.14349,-0.78502
MFACX,0.985338,1.05573,-0.785802
VBMPX,0.336988,0.954173,-0.785843
VBTIX,0.327637,0.944754,-0.785843
VBTLX,0.309373,0.944754,-0.785843
OUSNX,-0.0344694,-0.980382,-0.788089
BCXAX,-2.33362,5.80524,-0.790167
MAHQX,0.212537,0.365816,-0.792811
BALFX,-2.83238,-3.66721,-0.796316
BALBX,-3.31903,-3.81887,-0.796646
RLBEX,-2.78707,-3.66614,-0.79698
CLBAX,-2.8661,-3.67827,-0.79698
BCWIX,-1.40845,4.86891,-0.797166
CLBEX,-3.00211,-3.74013,-0.797319
CLBCX,-3.38507,-3.83409,-0.797319
TABRX,-15.5436,-19.5304,-0.798813
RLBCX,-3.0133,-3.71009,-0.799327
BCWAX,-1.5873,4.78873,-0.8
BALCX,-3.38406,-3.86558,-0.800004
RLBAX,-3.34347,-3.82548,-0.80067
CENBX,0.202224,0.10101,-0.800801
RPBEX,0.610376,0.0485878,-0.801711
RMABX,0.91706,1.00732,-0.805901
CMFCX,0.956626,1.02706,-0.805949
BCVIX,-0.0902527,4.13923,-0.806452
MEHQX,0.0844544,0.219792,-0.810733
VBMFX,0.216717,0.907126,-0.813616
PNIGX,0.448904,0.940142,-0.815029
CMFBX,1.00631,1.03692,-0.815614
OLTYX,0.437283,-0.312192,-0.818118
OLTIX,0.584425,-0.179476,-0.819581
MSHQX,0.00868179,0.262524,-0.827068
OPOCX,1.93596,-8.89644,-0.828601
BTHAX,-4.4044,-2.74949,-0.830737
FMKCX,-1.61788,-3.62141,-0.831005
QMAYX,-4.44181,-4.79279,-0.831506
RPIIX,-4.61583,-0.399293,-0.833388
CCBBX,0.34245,0.790259,-0.833761
RLBFX,-2.60744,-3.58641,-0.836816
ABALX,-2.79173,-3.64974,-0.837517
PRULX,-1.25832,6.2703,-0.838008
CLBFX,-2.69849,-3.62477,-0.839282
VCLT,-5.0883,1.64336,-0.84157
RLBBX,-3.34207,-3.85508,-0.842109
MDHQX,-0.0847471,0.142401,-0.84409
PIGSX,0.269022,0.759061,-0.844218
BFMCX,0.291705,0.666725,-0.846699
RPPVX,-0.122953,-0.232351,-0.851932
PPVCX,-0.123006,-0.212573,-0.852826
RPPBX,-0.193889,-0.303363,-0.853683
PPVBX,-0.233367,-0.31276,-0.86191
VTSPX,-0.371287,-1.18658,-0.862073
CPPCX,-0.283757,-0.353262,-0.862835
CIGAX,0.174071,0.709237,-0.86996
BND,0.31728,0.994031,-0.870596
BCYAX,-3.0743,6.07477,-0.873362
MRCBX,-0.321189,0.0396191,-0.878117
CPPBX,-0.222846,-0.282272,-0.881037
VCVSX,-1.57516,-6.87097,-0.884244
FCCCX,-2.67326,-1.01759,-0.885692
MHHQX,-0.329523,0.116832,-0.887345
ODINX,1.69517,-9.01318,-0.890312
UGTBX,-0.445009,-1.14264,-0.896439
BCBAX,-0.0188065,0.529954,-0.897591
CMCBX,-0.00829607,0.541083,-0.898356
BCVAX,-0.361337,3.95853,-0.898473
ORYBX,-0.15837,2.52821,-0.89995
ORYCX,-0.136311,2.5318,-0.90048
CENCX,0.101215,0,-0.901804
VTAPX,-0.4538,-1.228,-0.903495
FTEFX,-8.06855,-11.0745,-0.903859
VTIPX,-0.495454,-1.22951,-0.904605
BGBRX,-0.0788771,0.595447,-0.907457
QMARX,-4.81359,-4.89547,-0.914807
RBOGX,1.20793,0.362153,-0.916886
VTIP,-0.475903,-1.27258,-0.926882
MBHQX,-0.54071,-0.0631611,-0.929908
RBFGX,0.423624,0.670186,-0.930827
IBAFX,1.09602,0.236142,-0.931552
RBOFX,1.14076,0.258374,-0.931552
VUSUX,-0.822755,6.52032,-0.936487
BCBRX,-0.244292,0.425231,-0.937724
RBFFX,0.368519,0.638485,-0.93862
BTHCX,-5.00501,-2.96524,-0.939457
MCHQX,-0.62414,-0.0287417,-0.945966
CBOFX,1.02146,0.206471,-0.946214
ABNFX,0.305762,0.614682,-0.946452
BCZIX,-4.00334,5.98527,-0.946644
BIGEX,-0.181929,0.616772,-0.94748
VUSTX,-0.915784,6.47782,-0.952385
MFHQX,-0.700715,-0.140123,-0.955383
CFAFX,0.219491,0.575054,-0.962072
TPBRX,-16.0831,-19.7817,-0.963857
BIGHX,-0.284713,0.558668,-0.964465
REBBX,1.07255,0.169425,-0.968909
AIBAX,0.894783,0.139802,-0.975523
RBOEX,0.879923,0.132401,-0.975523
IBFFX,0.850217,0.132401,-0.975523
QMACX,-5.26088,-5.0757,-0.977589
VCIT,0.209066,0.223906,-0.979346
CBOAX,0.79816,0.102784,-0.990172
RBFEX,0.0863056,0.511662,-0.993304
ABNDX,0.101877,0.511662,-0.993304
BFAFX,0.0786049,0.511662,-0.993304
GVTFX,1.72214,1.33613,-0.994458
EDV,-3.60881,11.0292,-1.00123
BIGCX,-0.574322,0.46358,-1.00196
CFAAX,0.0158061,0.472084,-1.00891
VGK,-2.39957,-8.19599,-1.01182
CGTFX,1.63571,1.29302,-1.01552
RGEVX,1.56314,1.22079,-1.01561
PRESX,-0.0637146,-6.36899,-1.01596
ODIBX,1.16374,-9.23831,-1.01715
OIBYX,-3.24124,-2.17693,-1.01777
OGSBX,-0.524062,-0.69948,-1.01814
CBOEX,0.61994,0.0214141,-1.01946
ODICX,1.16073,-9.24809,-1.02106
BCBCX,-0.698928,0.218106,-1.02537
FVIIX,0.440651,0.829338,-1.03207
RBOCX,0.605048,0.00661765,-1.03411
BCZAX,-4.26065,5.81717,-1.03627
FBKWX,-0.610808,-0.84033,-1.03959
CFAEX,-0.187171,0.385064,-1.04012
RBFCX,-0.187171,0.385064,-1.04012
BRACX,-1.27077,-0.114764,-1.04352
UGSFX,1.4847,1.22843,-1.04356
AMUSX,1.4847,1.22843,-1.04356
VGLT,-0.41227,6.35101,-1.05714
CGTAX,1.42003,1.19256,-1.05758
FEPIX,-0.759662,-0.906121,-1.05811
RBEBX,-0.178422,0.424582,-1.06351
FVITX,0.211953,0.733029,-1.07014
FVIAX,0.211856,0.732941,-1.07014
RPIBX,-5.06107,-0.477767,-1.08039
BLDRX,-1.28831,-0.194416,-1.08065
OPGVX,0.127298,-0.456674,-1.08291
RGVCX,1.21214,1.09226,-1.09261
IBFBX,0.212759,-0.163235,-1.09264
BLDIX,-1.26183,-0.236384,-1.09321
FEPAX,-0.982342,-1.00835,-1.0941
CGTEX,1.20499,1.09223,-1.09963
RBOAX,0.183221,-0.177991,-1.09994
IBFCX,0.183161,-0.185361,-1.09994
FGBIX,-3.95229,-0.984,-1.10579
FVICX,-0.518408,0.396941,-1.10977
RBOBX,0.146267,-0.207454,-1.11454
CBOCX,0.109363,-0.214871,-1.11456
FGBWX,-4.1937,-1.06166,-1.11672
BFABX,-0.584262,0.195512,-1.11809
RBFBX,-0.569047,0.187628,-1.11809
RBFAX,-0.599848,0.195512,-1.11809
BFACX,-0.623202,0.179729,-1.11809
CBOBX,0.0872274,-0.22962,-1.12189
PAIBX,-5.2268,-0.596041,-1.12676
CFACX,-0.700771,0.148192,-1.13366
EMF,-28.1798,-24.1898,-1.13483
CFABX,-0.700763,0.140315,-1.14144
BLADX,-1.67522,-0.381782,-1.14481
OLTNX,-0.261422,-0.701126,-1.15158
TEMGX,-7.73711,-11.8514,-1.16339
RGVAX,0.812551,0.907284,-1.16432
TGSAX,-7.60644,-11.7128,-1.17107
UGSCX,0.777035,0.893061,-1.17129
RGVBX,0.819805,0.900212,-1.17829
OIBIX,-3.11514,-2.30039,-1.1783
FBOGX,-7.39513,-11.7119,-1.18314
CGTBX,0.741888,0.86511,-1.18612
CGTCX,0.748886,0.872117,-1.18613
FVIBX,-0.452466,0.415956,-1.19372
BVDFX,-1.59046,-1.0989,-1.1976
VBIUX,1.16407,1.07567,-1.1979
OIBCX,-4.14007,-2.60106,-1.19861
FEPTX,-1.00369,-1.02033,-1.20032
BDFVX,-1.89055,-1.3013,-1.2024
BLV,-3.84887,2.8704,-1.20293
VBIMX,1.13757,1.06657,-1.20679
VBILX,1.09325,1.03995,-1.20679
FINWX,-6.10563,-1.30675,-1.21417
FINTX,-6.10515,-1.30626,-1.21417
VBIIX,1.0408,1.0311,-1.21546
MADCX,-18.4806,-18.9817,-1.21944
PAFRX,0.631903,-2.35794,-1.22487
VIIGX,1.76532,1.20542,-1.2252
VSIGX,1.72037,1.19171,-1.22712
FCEPX,-1.58804,-1.32962,-1.22748
FGBZX,-4.30307,-1.1746,-1.2296
UGSBX,0.834058,0.91448,-1.23358
OLTCX,-0.724157,-0.89946,-1.23947
OIBAX,-3.49335,-2.29897,-1.24672
BIV,1.00768,1.04571,-1.24712
MAEFX,-0.230761,-8.1174,-1.26427
FICVX,-10.5572,-7.97271,-1.2956
FGBYX,-5.00919,-1.42044,-1.29813
OIBNX,-3.74132,-2.59878,-1.30413
TESGX,-8.48485,-12.1071,-1.30719
FINOX,-5.85795,-1.21301,-1.30811
MDEFX,-0.470027,-8.22138,-1.31053
FBEPX,-1.61608,-1.39533,-1.31209
PRFRX,0.629126,-2.41685,-1.31565
FSRIX,-2.17609,-3.68939,-1.32433
BFRIX,0.685107,-2.20215,-1.3248
MAWIX,-4.81371,0.020907,-1.3255
RPIFX,0.918985,-2.30389,-1.33675
OEMIX,-11.4212,-7.66162,-1.35527
VFIUX,1.63737,1.08399,-1.35594
OEMYX,-11.5151,-7.7016,-1.37002
MREFX,-0.823205,-8.37387,-1.37114
VFITX,1.5486,1.03974,-1.37324
OIBBX,-4.15597,-2.60106,-1.37442
TFFAX,-7.43988,-12.5608,-1.37511
BMSAX,-0.469456,-3.12807,-1.37639
MDWIX,-4.87006,-0.0840178,-1.37743
BFRAX,0.399843,-2.33726,-1.38394
FSTAX,-2.36002,-3.76252,-1.38418
FSIAX,-2.44445,-3.7657,-1.3854
VGIT,1.34582,0.994739,-1.40359
FINRX,-6.90646,-1.67386,-1.40593
PRTIX,1.31341,1.02708,-1.41872
FTFGX,-7.20276,-12.4651,-1.421
FTCVX,-11.0056,-8.21438,-1.42104
RCWFX,-3.54293,-0.703778,-1.42221
BMSIX,-0.235061,-3.02219,-1.43599
RCWGX,-3.48983,-0.673029,-1.443
MDDCX,-18.8969,-19.2415,-1.44632
TEFRX,-7.82576,-12.7041,-1.44892
BFRPX,-0.0318099,-2.41589,-1.45283
BFWFX,-3.60961,-0.736339,-1.45601
PSGIX,-3.39198,-11.0839,-1.46198
MCWIX,-5.60628,-0.364412,-1.46671
FVIFX,-7.81611,-10.9656,-1.47092
FGBPX,-1.82355,-1.51237,-1.47627
TEMFX,-7.6046,-12.6535,-1.48286
WBFFX,-3.82707,-0.870258,-1.48983
FSINX,-2.95108,-4.022,-1.48994
CCWFX,-3.76483,-0.825994,-1.49505
MHWIX,-5.5571,-0.247915,-1.4987
FAVFX,-8.02648,-11.0746,-1.49875
CWBFX,-3.88716,-0.885615,-1.50122
BFRCX,-0.296168,-2.54128,-1.50207
FCBVX,-11.4587,-8.40927,-1.50405
MAGCX,-6.8863,-11.1944,-1.50585
FSRCX,-3.03471,-4.07098,-1.50756
MCEFX,-1.31709,-8.59325,-1.51308
RCEBX,-3.79799,-0.897713,-1.51357
MASWX,-3.38933,-11.084,-1.51358
FCCVX,-11.4257,-8.40565,-1.51366
PCGEX,-3.65967,-11.2234,-1.51605
FGBAX,-2.20357,-1.63176,-1.51892
RCWEX,-3.83471,-0.855048,-1.52217
FGBTX,-2.10135,-1.64182,-1.52943
VWEAX,-2.69558,-4.66897,-1.53759
CCWAX,-3.96171,-0.929976,-1.54373
RCWCX,-4.12566,-0.985378,-1.5503
MDGCX,-7.2005,-11.3457,-1.56121
CSGEX,-3.68149,-11.2054,-1.56315
OEMAX,-11.7747,-7.95369,-1.56628
FTVFX,-8.2384,-11.1852,-1.57059
VWEHX,-2.79507,-4.71854,-1.57201
MDSWX,-3.58487,-11.1509,-1.57201
CCWEX,-4.11896,-0.971875,-1.58919
OEMNX,-11.9364,-7.91004,-1.59425
OSIIX,-2.8552,-4.39058,-1.60144
TEFTX,-8.28758,-12.9182,-1.60172
BMSCX,-1.16537,-3.44661,-1.60418
MRGSX,-7.51266,-11.4958,-1.62429
MCDCX,-19.557,-19.557,-1.62621
FGBBX,-2.83452,-1.90923,-1.63201
OSIYX,-2.71495,-4.41327,-1.64208
BMMNX,-4.0282,-3.73737,-1.65119
FGHIX,-2.93753,-6.3144,-1.6525
RCWAX,-4.55528,-1.19314,-1.65848
FBVFX,-8.68929,-11.3885,-1.66899
MARFX,-7.96225,-8.95412,-1.6704
MRUSX,-3.91835,-11.2511,-1.67378
FCVFX,-8.67082,-11.3794,-1.6744
WBFBX,-4.5664,-1.21171,-1.67599
RILFX,-1.51203,-2.08768,-1.67715
CWBCX,-4.59583,-1.26426,-1.68044
BFIAX,-1.82511,-2.19436,-1.68067
CCWCX,-4.67761,-1.27146,-1.68477
OEMCX,-12.4638,-8.2371,-1.69267
OPSIX,-2.98675,-4.53728,-1.69381
FGHTX,-3.14718,-6.41781,-1.69631
FGHAX,-3.16754,-6.41781,-1.69631
CCWBX,-4.64646,-1.25524,-1.71786
OSINX,-3.46842,-4.63646,-1.72013
RCWBX,-4.61626,-1.25627,-1.7213
MCGCX,-7.88392,-11.6429,-1.73032
TEMMX,-7.3825,-11.9375,-1.7351
MDRFX,-8.21257,-9.1062,-1.7509
FGBCX,-2.84681,-1.90923,-1.75894
BMMAX,-4.33468,-3.85005,-1.75983
CGICX,-4.49329,-11.6518,-1.77314
PRIPX,-2.02128,-1.69166,-1.78261
MBGCX,-8.08403,-11.7894,-1.78477
OPSGX,-3.86952,-4.84356,-1.79126
OEIIX,-10.8861,-11.026,-1.79205
OSICX,-3.88849,-4.86717,-1.80059
FEDIX,-9.13009,-13.3652,-1.80323
OYEIX,-11.0269,-11.0878,-1.80892
MRRFX,-8.44829,-9.19262,-1.80956
MCSWX,-4.43404,-11.557,-1.81315
VAIPX,-2.23953,-1.70213,-1.81607
FGHCX,-3.81335,-6.71677,-1.81653
FIPAX,-2.93923,-1.9475,-1.86441
FAHDX,-3.993,-7.6558,-1.86911
BPRIX,-3.06532,-2.4353,-1.87091
OAEIX,-11.2379,-11.1981,-1.87265
BMMCX,-4.9545,-4.17941,-1.87891
BPRSX,-3.19023,-2.5563,-1.88679
VIPIX,-2.23893,-1.7094,-1.89573
VIPSX,-2.31954,-1.74772,-1.89681
MCRFX,-8.87541,-9.41345,-1.89818
BPLBX,-2.84089,-2.38215,-1.90114
TCEMX,-7.98641,-12.2366,-1.90217
FIPIX,-2.75965,-1.93545,-1.90268
FAHCX,-3.93213,-7.62544,-1.90831
OPMIX,-8.12273,-10.4763,-1.9284
FEDAX,-9.38683,-13.4954,-1.93453
ONEIX,-11.4704,-11.2761,-1.93817
FIPTX,-3.02052,-2.03046,-1.9475
FEDTX,-9.59642,-13.5661,-1.94951
FAHYX,-4.06593,-7.70648,-1.95686
FDMAX,-14.3439,-10.7049,-1.97556
FDMIX,-14.0241,-10.4927,-1.97559
BDSIX,-2.44085,-8.93931,-1.97886
OPMYX,-8.29247,-10.5809,-1.99052
BPRAX,-3.314,-2.58292,-2
FAHEX,-4.78248,-7.98124,-2.00616
FBIPX,-3.53319,-2.26678,-2.01049
FAHBX,-4.68805,-7.93275,-2.01626
BDSAX,-2.64469,-9.06372,-2.02002
BPRCX,-3.87649,-2.85687,-2.04479
OBEIX,-11.9027,-11.5088,-2.04812
OPMSX,-8.52789,-10.6777,-2.05345
FDMTX,-14.5851,-10.8306,-2.05444
ODAIX,-3.28542,-3.5824,-2.079
OCEIX,-11.8981,-11.5178,-2.08255
ODAYX,-3.49794,-3.6961,-2.08768
ODAAX,-3.60082,-3.6999,-2.08986
FEDGX,-10.0789,-13.7815,-2.09924
FIPCX,-3.71772,-2.36427,-2.10711
OPMNX,-8.74106,-10.7851,-2.11659
FDMCX,-15.1713,-11.2312,-2.14038
FDMBX,-15.172,-11.3127,-2.14118
OPMCX,-9.17658,-10.9696,-2.16684
BRRIX,-7.01031,-7.67656,-2.1692
PRHYX,-4.53779,-7.82867,-2.1856
OPMBX,-9.17237,-10.9792,-2.18562
BSTIX,-4.76673,-5.34274,-2.1875
ODANX,-3.93375,-3.93375,-2.21286
BDSCX,-3.40329,-9.34771,-2.22951
PAHIX,-4.62533,-7.80096,-2.23355
RIGGX,-8.72501,-11.5711,-2.2525
CGIFX,-8.87864,-11.6382,-2.27685
FFRTX,-2.02256,-4.37117,-2.27754
IGFFX,-8.82693,-11.6256,-2.28294
BSTAX,-5.07614,-5.46006,-2.29885
IGAAX,-8.9959,-11.69,-2.30111
IGIFX,-9.04123,-11.7184,-2.31587
FFRIX,-1.71722,-4.22323,-2.32101
CGIAX,-9.04527,-11.7165,-2.33127
ODACX,-4.37045,-4.07098,-2.33794
FFRBX,-2.26765,-4.4238,-2.34014
RIIEX,-9.06625,-11.8016,-2.34427
FFRAX,-1.92888,-4.31593,-2.35794
VMMSX,-15.1226,-18.3906,-2.37765
FFRCX,-2.60219,-4.61963,-2.37977
CGIEX,-9.2614,-11.821,-2.387
BRRAX,-7.33471,-7.90554,-2.39391
RGICX,-9.28872,-11.8408,-2.39913
OAIIX,-3.75329,-3.46086,-2.4232
TRHYX,-5.13044,-8.57,-2.45695
OARAX,-4.0348,-3.59392,-2.47378
IGIBX,-9.65613,-12.0108,-2.4775
IGICX,-9.69259,-12.0384,-2.48184
OARYX,-3.94232,-3.57273,-2.48464
CGIBX,-9.76553,-12.0678,-2.50108
CIICX,-9.757,-12.0758,-2.51054
BRRCX,-8.00416,-8.19502,-2.53304
BSTCX,-5.72012,-5.81633,-2.53432
VEMAX,-15.2932,-18.7396,-2.55185
VEMIX,-15.2569,-18.7102,-2.55955
VEIEX,-15.4536,-18.8011,-2.5981
RDWEX,-17.3247,-16.3848,-2.61058
RDWGX,-17.1119,-16.2193,-2.61836
RDWFX,-17.1475,-16.2389,-2.63004
DWGHX,-17.2106,-16.2781,-2.6534
BRHYX,-4.8695,-7.17801,-2.65784
OARCX,-4.80171,-3.94908,-2.66032
FUGIX,-13.4742,-5.52166,-2.66314
BHYIX,-4.9529,-7.33186,-2.67552
RDEGX,-17.3104,-16.3044,-2.67944
OGYIX,-5.31048,-7.55771,-2.68835
OGYYX,-5.33075,-7.56798,-2.68835
CDWFX,-17.3172,-16.3457,-2.6997
FUGAX,-13.7114,-5.66612,-2.70979
BHYAX,-5.2216,-7.45363,-2.72719
BHYSX,-5.35678,-7.46773,-2.72772
DWGAX,-17.4829,-16.4235,-2.73472
DWGFX,-17.448,-16.4044,-2.73472
FAUFX,-13.9262,-5.76963,-2.73802
CDWAX,-17.5142,-16.4219,-2.74956
CDWEX,-17.6305,-16.4984,-2.7729
RIGAX,-9.89688,-12.2754,-2.77777
BHYRX,-5.50369,-7.5891,-2.77986
OGYNX,-5.70288,-7.68254,-2.78048
RIGBX,-9.98241,-12.303,-2.78261
RDWCX,-17.6837,-16.5365,-2.79598
RDWAX,-17.9668,-16.6661,-2.80341
RIGEX,-9.47955,-12.1528,-2.80666
BHYDX,-5.70938,-7.66197,-2.81863
RIGFX,-9.28662,-12.0886,-2.82563
DWGCX,-18.0217,-16.7141,-2.82679
BHYEX,-5.85922,-7.67776,-2.8281
FHNIX,-4.25072,-8.1296,-2.83452
DWGBX,-18.0395,-16.7171,-2.8352
OGYCX,-6.21765,-7.95832,-2.84855
FUGCX,-14.2978,-5.95204,-2.84951
OGYAX,-5.60112,-7.68841,-2.84976
BHYCX,-5.89764,-7.76264,-2.8541
FHIAX,-4.31421,-8.09585,-2.86436
FAUBX,-14.3849,-5.98579,-2.86673
RDWBX,-18.1122,-16.7803,-2.87686
FHITX,-4.47634,-8.246,-2.8854
CDWBX,-18.0821,-16.6701,-2.88933
BHYBX,-6.09828,-7.7978,-2.89719
CDWCX,-18.1467,-16.7508,-2.95435
OOSNX,-2.83159,-4.49183,-2.96058
FHCBX,-5.04796,-8.511,-2.99344
PRAFX,-16.8199,-12.897,-3.00107
OOSIX,-2.35319,-4.40395,-3.00403
FHNCX,-5.13427,-8.5479,-3.00627
OOSYX,-2.4023,-4.42807,-3.01643
OOSAX,-2.62741,-4.52585,-3.04628
OOSBX,-3.0766,-4.71964,-3.13341
OOSCX,-3.27568,-4.69113,-3.1543
FSFHX,-4.46062,-7.33452,-3.34778
FSBHX,-4.67947,-7.43309,-3.38935
FSEHX,-4.67947,-7.43309,-3.38935
PRLAX,-24.5129,-23.8319,-3.48373
BICHX,-16.4902,-16.3883,-3.50937
FSDHX,-5.36209,-7.73763,-3.51391
VWO,-14.8401,-18.8656,-3.52181
BACHX,-16.707,-16.5026,-3.58309
BEEAX,-11.3012,-11.3012,-3.59276
BEEIX,-11.0914,-11.1859,-3.60544
BLSIX,-6.979,-4.85649,-3.61341
BLSAX,-7.21607,-4.99148,-3.64385
BCCHX,-17.3229,-16.8106,-3.79989
BLSCX,-7.86492,-5.31872,-3.84239
FSIRX,-8.10638,-7.70872,-3.84537
BEECX,-11.9914,-11.7078,-3.85965
RITGX,-8.31923,-10.3592,-3.87052
FSRAX,-8.28696,-7.75542,-3.88502
RITFX,-8.34704,-10.3864,-3.89018
AHIFX,-8.39931,-10.4042,-3.89018
FSRTX,-8.29942,-7.75794,-3.89216
FGDIX,-19.6925,-15.125,-3.89243
CITFX,-8.47817,-10.44,-3.90985
FGDAX,-19.8671,-15.1535,-3.91021
AHITX,-8.57496,-10.4849,-3.9295
RITEX,-8.61868,-10.5027,-3.93919
AHTFX,-8.63659,-10.5119,-3.93919
CITAX,-8.67164,-10.5298,-3.94916
RTEHX,-8.50502,-10.6181,-3.9688
FGDTX,-20.1104,-15.3346,-3.97937
CITEX,-8.86465,-10.6195,-3.98844
RITCX,-8.87373,-10.6283,-3.98844
OSFAX,-3.89968,-6.09476,-4.02191
RITAX,-9.24832,-10.7893,-4.05697
AHTBX,-9.23164,-10.7893,-4.05697
FGDCX,-20.5079,-15.5196,-4.0613
FSBRX,-8.85971,-8.0423,-4.06285
OSFIX,-3.55572,-5.92495,-4.06328
AHTCX,-9.26623,-10.7985,-4.06692
CITCX,-9.31828,-10.8248,-4.07658
RITBX,-9.28432,-10.8163,-4.07658
OSFYX,-3.6777,-5.99375,-4.08323
CITBX,-9.34526,-10.8432,-4.08653
FCSRX,-9.03232,-8.10826,-4.10355
OSFCX,-4.70346,-6.41456,-4.25627
OGMYX,-26.0057,-17.7973,-4.54124
FGL,3.37614,7.74244,-4.57249
PRNEX,-21.0132,-17.3088,-4.57597
OGMIX,-25.9127,-17.7919,-4.60829
OPGSX,-26.1803,-17.8998,-4.62107
OGMNX,-26.4137,-17.9934,-4.72062
OGMBX,-26.7071,-18.2049,-4.73373
TRXPX,-8.14133,-10.9373,-4.74537
OGMCX,-26.7843,-18.2519,-4.79042
PAOPX,-8.3909,-11.0948,-4.9017
PRCPX,-8.21453,-10.9827,-5.01149
BCX,-25.502,-23.0733,-5.22069
FLFIX,-28.4589,-25.4538,-6.33066
FICCX,-20.2774,-15.7273,-6.42894
FLFTX,-28.8805,-25.6463,-6.43655
FACNX,-20.5011,-15.8532,-6.47402
FLFBX,-29.1856,-25.7774,-6.48198
FLFCX,-29.2038,-25.8115,-6.51069
FTCNX,-20.7501,-15.9809,-6.56495
FCCNX,-21.0746,-16.1459,-6.64308
FBCNX,-21.1178,-16.1489,-6.65154
BRIG,105,-10.8696,-6.81818
FIEMX,-14.6871,-18.504,-7.03836
MALTX,-28.5764,-25.757,-7.04611
MDLTX,-28.7705,-25.8686,-7.12375
FMEAX,-15.037,-18.6371,-7.1744
FEMTX,-15.2707,-18.874,-7.26843
FEMBX,-15.5777,-18.9342,-7.32153
FEMCX,-15.5926,-18.9978,-7.32899
MCLTX,-29.3974,-26.1972,-7.33119
MBLTX,-29.5969,-26.3289,-7.40276
VENAX,-25.4693,-20.8676,-7.51301
VDE,-25.4394,-20.8759,-7.53928
VGELX,-24.1983,-21.2199,-7.78955
VGENX,-24.2525,-21.2548,-7.81921
BICSX,-25.958,-22.2078,-7.98771
BCSAX,-26.1194,-22.3529,-8.04954
BCSCX,-26.6242,-22.5806,-8.13397
FFGIX,-29.4865,-27.4519,-8.23685
FFGAX,-29.6715,-27.5791,-8.33755
FFGTX,-29.8721,-27.6661,-8.40744
FFGBX,-30.1681,-27.7881,-8.4606
FCGCX,-30.2111,-27.8206,-8.47595
FFMRX,-22.1865,-19.7827,-8.69793
TFMAX,-22.4926,-19.9762,-8.78863
FFRZX,-22.3548,-19.8987,-8.8209
TRAMX,-20.4903,-22.2466,-8.8913
TRIAX,-20.4698,-22.2645,-8.90174
FANIX,-23.404,-21.0389,-9.08456
FANAX,-23.6145,-21.1298,-9.15453
FAGNX,-23.8135,-21.2324,-9.22818
FNRCX,-24.1486,-21.3793,-9.27249
FANRX,-24.196,-21.4368,-9.32522
MAGRX,-27.146,-22.659,-9.36382
MDGRX,-27.328,-22.756,-9.41618
MCGRX,-27.8941,-23.076,-9.59335
MBGRX,-27.946,-23.0879,-9.60569
BACAX,-31.8678,-25.8265,-10.9918
BACSX,-31.9611,-25.8822,-11.0878
BACCX,-32.4431,-26.2008,-11.2571
BACBX,-32.4388,-26.2069,-11.2953
OSPSX,-26.859,-22.6299,-11.4796
MLPTX,-26.9397,-22.65,-11.4914
MLPYX,-26.9397,-22.65,-11.4914
MLPEX,-27.6065,-22.9145,-11.6039
BGR,-34.5304,-26.8336,-11.7316
VGPMX,-31.8843,-27.5902,-11.898
QRAAX,-27.9476,-24.6575,-13.1579
QRACX,-28.7671,-25.3589,-13.3333
QRAIX,-27.897,-24.6637,-13.4021
QRAYX,-28.3262,-25.1121,-13.4715
QRANX,-28.5714,-25.2336,-13.5135
QRABX,-29.148,-25.4717,-13.6612
SGLSX,-41.8482,-36.7838,-19.5821
SSGRX,-42.0154,-36.8863,-19.6509
SSGDX,-42.4363,-37.0898,-19.8106
SSGPX,-42.4396,-37.1394,-19.8121
OSPAX,-34.2656,-30.1144,-20.8967
MLPOX,-34.2929,-30.1397,-20.9164
MLPGX,-34.8633,-30.3932,-20.9823
OPY,-29.5666,-38.6025,-21.0102
OSPMX,-37.6808,-33.613,-24.7237
MLPZX,-37.6565,-33.5778,-24.7513
MLPRX,-38.2323,-33.8784,-24.8023
MLPNX,-47.0004,-42.3149,-28.6036
OSPPX,-46.92,-42.2777,-28.6519
MLPLX,-47.1792,-42.4142,-28.7022
MLPMX,-47.4975,-42.6015,-28.7718
VNGE,-12.037,-5.94059,-32.1429
VNRBP,-53.9583,-60.4328,-45.604
VNRAP,-56.0825,-59.6816,-48.8927
VNRCP,-54.2234,-61.7041,-49.2768
VNR,-81.3527,-80.1901,-65.1366
